992212680947331073
1257119591209893889
1048806944384937984
1049032609780629505
1000610442516987904
1180446255473225729
1264213066522824704
1253514950865866752
1131505016839254016
1254278429184892928
1268436596797997056
1257088151306899457
744309559551721472
1254131236452966400
1134363479152046080
1253287570188541952
919231480436490241
864350033317883904
1122956838795972608
1265405454977073152
991522652042969088
1001522582555791361
992990679435362304
1123756584540176384
1252493703319138304
1195493041563799553
1232430403348877312
720293517699657728
740946989394620416
1252997844063768576
1001519134204583937
1137278310624419840
859841807415099392
1253002628065935360
1265010788272181248
1257479893889851393
1126661734732763136
993018126595936256
854491214114832384
1268313769243586560
1136735590378041344
1136897202061819905
1257480442471272449
1267014627397488640
987511450753187840
980490593031794688
1257477550842585089
1128060037240451072
1263714508979830785
1123862650938638337
1003395433827323904
867880046470283264
999452372940173312
1089658410393473024
1127077014063661056
730600617042632705
1266568560684040192
843589930075664384
1135737237661982720
1136782524413337600
1258591228052652032
1130232723232231424
996502540965646336
1259556759735914496
1124848701735440385
1266540333215264768
726146683162988545
870814046595768320
1256427196239593472
737447213713702912
999047050165579776
1136823313982152704
1195046882132537345
1128539629214400512
995214465027084288
1109604647372771328
1205521350215610368
1252873120038014976
1257104145156952066
1253000818567696384
1264418641068167169
1130940669792567296
734582557986914304
1005191280432967680
863199176572407809
995191819199676417
994587668782678016
1136462417896280064
1257103911274168321
1227762166120067072
1121895290505637889
900078093358792704
1261954964331167744
865395404064305152
1001518168247967745
1127406775726161920
1207749099642699776
1136089033727438848
1128869623929122817
1133956905380352000
1257070329734381569
1266596871845986304
856636832870412288
1121606690127843328
1146694322755903488
865844034504118272
1257451577342435329
983900190627151873
1263076134870863872
987519424942895105
856720647781462017
742631634381201409
858105466323075073
996271533494587392
874440395696881664
1263123420694974464
1242244002657349632
1259945337871663104
992218070820917249
990303549122727936
1002274291448143872
654338858929963009
1265426515911266304
1133126339923513345
650101831195795457
1253000648979386368
1262948712854859776
1124831820299374593
1261755253775155200
1111983039447453697
1256742517794144256
917929682333704192
1257481689467195393
1004855706467557376
1260790245612322816
999143631619530752
1134294224213528577
1185451054169464833
861145321948971009
1258994413112147968
1134103864577421312
1257072918299430913
918878410368270337
1106280054386130945
1129518480992251904
998126125454880768
1257086900481564673
864340528836243456
992905347687890944
860613247806611458
1132020172484698113
999443337671221248
1125934308297990145
849817160053305345
1127630511209340928
967527950922862592
1252781533857583104
990816444134875137
1118325500855848961
1129687498176811008
988814240746201089
1133581354911944704
1262229148886118400
1126704475768590336
861144848714018817
1005161347463630848
1000449278533271552
1127182828929667072
1064566769496432641
872935289474170880
1257045185330679808
984954432003555329
1265499249475334144
1049430588383420417
1135326552146915328
983087705024221184
1257417127229394945
1099222505841160192
988908598149410817
1265162683712282624
998809277525659648
999129159303655424
1124845006591381505
1268702148565155841
1116369843399319553
1135697699682205696
1132465959454912512
1250324551716315136
1130310678302011392
1263975090689687552
1252998547041697792
999816810084126720
1136086017733570560
1080548715099680769
1256803571496648704
1128178189513211904
1132601600540893184
1129521385627328512
1004480788567568385
1256822748521435136
1262983636114755584
1136381501467672576
734266092100444160
1269907405458644992
1131005421764030464
736518331032551424
1268032379142819840
1131681986919280640
1007094887420510208
1164362909343121408
1266203026566168576
866411718308397056
1003039322628665344
1257085911523401729
1257069994936631297
1000707381690482688
1000447990357712896
1126776772810424320
1250918572125851648
962369771616387072
1267595055892287488
1225901649734664192
849376582958166016
1126970799900012544
1121426210824790016
1132466057484169216
969057120605769728
1000796402213601280
992883411452792832
734953786409402368
1259474730411372544
992216618312826880
1000854767586877441
1261008616429723648
988663506251718657
880929883117867008
1253931742306242560
1000803051405389824
1252770819050831872
1194699544613187585
1260832429023707137
1266478419084849152
990476749001572352
1052355278001283073
1261773706686902272
741078093061570560
1113897575825948672
1126375539264036864
1104701840534507520
1227762223204548608
1257497417041838080
1256925348415684608
738247661911678976
1257434825694908417
1268693372319567872
1128780735743225856
1126523803787452417
1257115978139959297
725798982755893249
1133587018484826112
953853205840998401
1129987086897057792
1263114232883318784
1263115156129333248
1127451563099955200
1261055418172461056
1124819043799285761
1257419062229610497
1000856569967394816
1261421894909829120
739727305185869824
990301357838061569
736578145079164928
992216984416489473
1119746898874822656
1257117798425960448
1267269952214151168
1256144023035330560
1227762139272331264
991207165945864192
997754223393660928
1131189608944893952
1121263477554786305
985566041738645504
1223777261430263808
1137213177525293056
1266198592763207680
1180093683612659713
1257116005440688129
736765717407506432
1125584120438046721
1180781769593622529
1268255333722107904
1268997363037376512
1133890133566177280
1131505176159944704
992179338235400193
1005541005430513664
1255945827965222912
718594891344613377
1271155346378887168
1121499554647588864
1127629572813570048
1124824295575412737
1189344554138451969
1124846324882108417
1257056869453672449
1220197826709950464
1254196048096677888
1268604340919074816
1133184118549786624
865700659918393344
1252997295616577536
1180213694108098561
869668103242584064
1004423208516325377
1266621481945681920
995720728441847808
1133991415501090816
1258206403143680000
737839421319217152
1048241759530102785
872998759221641216
1124854632376446977
915993001619603456
1259456793629700096
1257452120861319169
988538168624414720
1048297596248358913
1000448266984591360
1131297383519879168
992583954160996352
1048957038568624129
1093806689414975489
1248060576932843520
1267762845131481088
1265498455485190146
738140303126585345
1263703552694423552
829936386009333761
1257101823811010561
1137469844632227840
1253000346909810688
871794616591101952
734273844797386752
1266632284203651072
1205288925514452992
1266397085582761984
1124840436611944449
1256150512961589248
879794968649474048
1132168371811975168
1261775796511449088
1020931152158646272
1252998212197810176
1093000178602225665
1265490554611830784
1124819190982082560
1267213417739988992
1134293978523791361
863578654612086784
863371456204103681
1124853036234055681
1259577810519871488
732378733373140992
1259474649968803840
1259474146031579136
1267536331945295872
979190599096107008
989674940767002624
736388879053160448
861338070803431424
1131190924790390784
1262510570205102080
1127300049542746112
1129980443425697792
1131892080973889536
1123534951766392832
988871020784283649
1126524121472536577
839510663536672769
861992453476040705
1124854684092207105
996603196934197248
1136839496047464448
1252997207167082496
1124856942146097155
1131284864440979456
1263299467373715456
1135043739677921280
1127630308838391808
849733445553852417
1004245406810812417
1124850446087761921
1262147397845270528
1261152818253807616
1124346611037093889
994125356586029056
869165419028766720
1048325905690656769
1267537701016457216
872687078557810688
1003320526015664128
1257087374811217921
1259946266146656256
1124821679701245953
1054917517862322177
1124821447420698625
1125226632647659520
990104306982375425
1128307593480388609
990347424835104769
1124850639315152897
865253074216849408
996907866034401280
784517836868612097
1265374840865431552
1269170035406942208
1133800188826636288
862857244918788096
724754163724017664
1123371418009350145
1267381070710456320
1127281658283118592
997128433169694720
992387254486102017
1001118385809272833
1126523865632432129
1255241676260126720
1109509905779781632
1004625705851781120
738923649620475904
1258240837322539008
1004898469869420544
1267281934493421568
1258477932469288960
1256861092726984704
994439228387803136
863911943734423552
1130216747887513600
1125930272756756480
1124826615163916288
1120046134384381952
1129502958418325504
1257056913779081217
855570924630564864
1127181028445065216
1253001133450854400
1133386670926733313
1048177280670973952
1124834453881884673
1260829274848382976
1257419009523974145
992195712127119361
999134394390609920
1286552296733294592
1257418227340820481
1257452026145538049
1119037856078610432
1263617849402863616
994727229739335680
998739463486496768
1124816656602791937
1257088265274527745
1000179778747543552
868684597699956736
1048186100793171969
1130574216270741504
1264288608139890689
798357320382947329
989507198151630849
1135644137342390272
1269122889223774208
1124832677019541505
1259456880594399232
1119856776419078144
1261918286212255744
1049892044782780417
1267106046430679040
1260811707987542016
1268078623756140544
1134621511528845312
1124750615919431681
1131534357941940224
1260388232147771392
1139705646930190336
857876937618599936
1264400951259705344
995888251808514048
1124821512826662913
1285513845749604352
1244941749147684864
992218636024672257
1180178567269851137
1265844382314016768
849814519680196609
847252454155390976
849842790916567040
1256295001009168384
1116908865657917440
1255264792264839169
726159274920775681
1137160164450512896
1131042479089827840
1257058433471877121
1189366616683294721
1003123715359588352
870389068163362816
736322374001094656
997345069554364416
978247546176868352
1248427493916946432
734577188233400320
983523867714957312
1265866125812449280
644376789237592064
1002695220192071680
1125184138732093441
1119330098542411777
740834393911930880
1268329872443318272
1133900637982449664
731604608031506432
997298325906833409
1257056152831660033
993616924690960384
1132191973391171584
870339346270711808
1269153882550849536
986529363845779456
851996683733696512
1000448624695803904
1133227538412617728
1246295123436773376
1227898745966833664
1000129053069733888
997326218590527488
1264352153229594625
994778348029067264
987006237969600513
732352917167796224
736669952756551680
1004190355497025537
1023126650130669568
1266507457027391488
1263109668746559488
854580190402195456
1255243341885362176
1001979504996339713
1002266755735150592
916439838105350145
993704544544534528
992620834323795968
1261495977588568064
868975112240660480
1133033306746077184
1104228314920615936
1255241108619800576
874513621496008704
1130980643854348288
718597631122702337
1180087429037088769
1227762260781305856
990890251046526976
1109986933977124864
1263114784501420032
1253127256969072640
726145851499614209
1257467217205809153
1136922845197672448
1244588773384126464
1180260806125936640
1241140586010910720
1124846607599157249
992217752859103233
1267224311169552384
1133589167688237056
868629770739564544
1130325326468489216
866388095111659520
1000151383451975681
1255915399501856768
1004509609844961280
849446110496927744
1244369084246667264
1105356689433358337
990771416767262721
709241916545409024
1222712517248172033
1132438124656750593
987865469631676416
1240391810317029376
1231624468778983424
1131808886798974976
900600927684427776
990409757250932737
1266187231949762560
1263114368015413248
1080550433728348160
870169151761780736
1257378547006189568
1004170929204736000
1257482090329415681
995714007753449473
859922678524522496
867864866243969024
1110769331715133440
1124853055183945729
855579531824734208
1205520909461364736
1257434197769863169
995302346903040000
997628172625620992
990786729571323905
1263205672305037312
1260602067844616192
1250286926737461248
987463134124240896
1126664703037509632
1255371784874627072
726159577380413441
1135481231963000832
1259508230447452160
1125983998485917696
861085668829425665
731799964086276096
1265720980550975488
784384045780971521
916659894890205185
1252997374867951616
1108970649508237312
999657707521081345
1004561229794406400
996622414375088128
863371316231802881
1139223535714471936
1262258396732592128
1227761255737995264
916286171897069569
991671205721608192
1004929267873972224
870999656073695232
1257055130319073283
736606326804840448
1124492398098345985
1151003569961877504
1004237819075747840
1134119264849420288
1003152387470659584
1134302077036961792
871211550030073856
1263114877153583104
1002246138814246912
1252368869205475328
877124569390067712
1259474814335209472
858491866952359937
1133323475189436416
995244301883863040
1258235266225684480
986715153200635904
1014745887488376832
1257072787776884737
1131311192166948864
1097926612139515905
919289612416274432
1260612413854597120
1003015403733569536
986085410776383488
1255735824863989760
1149924860735442944
986524011125432320
733043608210518016
990013482403799041
867205494178209792
1129574927050452992
1001139725714919424
1133938546143870976
1048179817629282305
1248625098772971520
1004244593266851840
994413397385043969
1135010644396396544
988931332845649921
1118969254117793792
997652918197157888
1004130258745962496
1000447682529357824
1124815321102843905
1264941694348955648
991842338546769920
863907902354817025
1256375672528457728
1128055249161347072
1132093633752240128
1263015355408719872
1267300656885006338
1131504830943522816
1100260615207239680
1251742377681367040
1111514939266519041
1134877107236048896
872374702285500416
1137038115568238592
1003968642599514112
988675043246911489
871474565996511232
1205252706302693376
994327465856131072
1257187579183247360
1257421347152207873
1004598047508135936
1048180881866772481
1180191614604664832
1133968532989059073
1001652290165567488
1080544686999355393
1268826752528961536
1253000976630042624
853692905133572097
1000708027701395456
1141100490576179200
1264406046693134336
1261148335759175681
1256361600953106432
1132383423118671872
1134297984700870656
1131324890742673409
1234192147318591488
1257102956461821953
1267209302616068096
1094566062181457921
1133443873562468353
1263972343160524800
991763237018365952
1261163983277129728
1216614518390525952
1000795936922693633
1127311984841715712
708168972301848576
1124822162352381953
738530251784777728
1127340918627086336
1115807449849708544
1257419823181221889
1260357064606089216
726146194841145345
871969153391726592
1069829899931697153
1135261455353335808
1134187114045771776
1125135875001651200
1127628824281337856
870967934158311424
1258816655425806336
1135842586230644736
991569641455636481
1091109242838282240
1185103465163849729
1124828787503030272
1266391710838042625
1253615620721741824
1050632136950157313
850108359003713537
1126524050806919169
996183248462098433
868545320911556608
1001913099462455296
1257464548462428161
1131489746217455616
1269145664802013184
726159573873975297
1263354975661072384
1257055609035952129
999680413285040128
1005303256702181376
999457067079389184
1127629773498408960
1119320404268630017
962772171976204289
1257080947430404096
1126164399108100096
989722243284443137
706753132142608384
989536844150808577
873094327511982080
1257116761849864193
1261771175588020225
863444884835635201
979210507087364096
1129520867806961664
1253553939454889984
1091823557333626881
989713441868800000
843197974837317633
867584551852113920
1134308064309809152
863935791351631872
1122483799234805761
1259474432775176192
1127320432518045696
1000576450736599040
871892252849582080
737047531711815680
1003023905747025921
868871551611740160
996869081892528128
1132506190983938048
989929288990310400
1250096578824261632
1001728747906707456
1252997476529491968
1264954683340886016
1261106982916456448
999046851464593408
1124898011382947840
871116960879026176
1227762190233108480
736595341599719424
998351677050736640
1257101771055042561
1142585273378189312
1124836812007677953
1003911270707372032
999349490626756608
1257103009410719745
1256795412736524288
853070174595678208
1128416323878367232
992213507300716545
1129630278269534208
962878997023510529
1124837486900559873
1132672172641857536
1265427610716884992
1257433573388984321
1133967940233347072
1264947272748122112
730596417168625665
1263114569702719488
1260318929268523008
1131188814136889344
1253497507158171648
1263291350049107968
844129029920518145
1261249064834441216
1135058248647938048
1001709476333998081
1257182649793904640
1255754567753154560
1253778007181512704
1001522534891786241
1133593876243492864
1260598486001266688
1259978356233879552
1227041721846607872
1122359906457296896
1124822916525981697
1260983218794938368
989230661720444928
1136481869979353088
858171200214519809
1260717626460475392
1094341645941690369
1002969840723832832
738200631415865344
736470502406750208
996965538158993408
873028641074925568
1127969840951693312
1002638723365875712
1124959377984811008
1121146068638461953
862177536925339648
1131012403426267136
1263243288941441024
1133572220116217856
1003454225944248321
1124846493287596033
1257382664105639936
1129979045476798465
1253005351607881728
863910345943736320
1130677086370275328
1001910244362072064
1257417392649150465
731984704093413376
966356784199880704
1253742530005061632
1135267405845913600
1048296131706368001
722947136458670081
1266101696187072512
1267709576610856960
1127186795202088960
1257105026543788033
718597931103518721
1122332333237014529
997318701240180736
735324020278452224
1113224025972506624
1124830799242215425
1121151925996654593
1253003588553162752
1127107590569234432
740269497042255872
995075585745514496
1263751479257210880
1134193981354881024
1131489041209470976
1254634300616212481
1149154104809086976
1124838870781792257
1227915424151113728
1269123639337295872
1269347720850575360
1129140931397054465
1259553289666564096
1257529743394213888
990711684467585024
1268384309719334912
989268880444960769
1003056868614430720
873002937398521856
868109317541412865
870358785892499456
1265134149786673152
1124817921055416321
1260790369897959424
961461850921603073
1136731900309110784
1000622899306291201
1251361515911528449
718595387182632961
990051114496163840
1251279924556206080
1132768763293790208
1005326446279098368
1000448114966249472
1258531433702510592
1266492880122294272
1136775144585740288
987979311435010048
1253003422253207552
1000448974710489088
1234191752961740800
989383514304954368
989669993354731520
1137165507569795072
1004531647955496960
896120009670348800
1264749356754403328
1000154561468125185
1123790527998169089
854214649460162560
999131099462807552
992128030304690176
994692984123793409
1121923292216078337
1227761357873496064
871099282516824064
826894091043332097
1000448417081950208
1216916164395933697
1002997446844334080
1122610214768857089
870153581381308416
990131739118899200
1131070602548273152
994000940942290944
994048061326311424
738877506484084736
866878444338843648
849820852575907841
740974428271374336
1134930642158325760
1258499720410562560
992212206890295297
1254216091987607552
853433787235823616
999775009574813697
1240454609974079488
1002067076179218432
1247979964276424704
1253001055629742080
737099095918960640
871606433148481536
1257847567715143680
871641252112850944
1236053658613858304
1268997070967013376
1130404152380715008
1257115708232306689
1124849323528437761
1135298569772773376
1124848521913044993
1267219978365448192
1048189337856217089
1263123675587039232
868572299069165568
1134025970983337984
1259736171840278528
1267569032840626176
1270410572470431744
1253000171839561728
1245811000200929280
867585644602519552
1124829533027958785
1121636744354459648
1226633854861705216
1124825090295353345
1129420556052377600
1000322669373472769
992181646142775297
1180855232946925569
868187684819075072
1257418096784707585
1129109859980525568
1257101817523748865
1002394162160918528
998345816089665536
866200122931982336
1121954094937219073
999497523775602688
1121584031176441857
990797511092658176
1261745151445835776
1268095465392451584
1124903057831202816
1255243672883040256
1205253722909724672
1003049306011553792
1126249251677233153
1262813792593510400
868621084306628608
871379812651102209
1181691391171600385
1267339707189051392
992213518847647745
867491493668118528
1129139946603802624
1124818420567658497
1001520573094125569
1252078865438748672
1265700205542510592
1253253109900124160
1127629015872876544
992218131076284417
1132510447560765440
740044818021040128
1124815898713006081
788293194273120256
1002751356010217472
1255928149342953472
1137230443956457472
1118355997157920768
1127629397466439680
739774438228307968
1001324451360743424
1188168097240756225
737042200856260608
1124847329485000705
863900019475009537
672892463567941632
985970476595892225
741404937535250432
1265379585457922048
1002698256092176384
1048247819775152129
993707031217352704
859947008553750529
1124844299289104385
917934667545395201
1264943398322716672
739707525112426496
966448829190946816
1258669377402712064
1131398291171823616
1001368300657487872
781954924417265665
1124820439995011073
996929080714936320
990374013019004928
1262812966336598016
869419784113115136
871278488156585984
1131465133538201600
1006060065339604992
1130574580898320384
1137247095729086464
869329592148729856
1124822314437861377
1258224364734660608
1257531353616887808
846914868438224896
1268540275806973952
999188052281036800
1000609569736876032
1257086662375124994
995099483383889920
1132775985516208128
1002626516003573760
838088659075985409
988992331841880064
1215855080830414848
873734978239303680
1257418884948963329
1092465712486047745
1257220984654532608
1260821077559361536
1048321391382163457
722526954594594816
1265839523661623296
981872583551332353
738402901436862464
736602492317614080
1134274595281952768
872749406770950144
1263114462710202368
1266188451447832576
1257120243600326657
1262171278182203392
1130936092250722304
1257059660947537921
1118570054213279744
1001707359686791168
916391186401849345
868987991392165888
1248349967970480128
1259456679800487936
1004520082862653440
704512028055797760
1120826924600741888
1050313056787505153
978814194092986368
859094970315964416
1280391693283131392
1117235692691632128
739147781624770560
1143612829602697216
1252998313976807424
1265694343654547456
996924138721710080
1131397986078232577
1180200104564514817
992314470351306753
1124824959445639169
1258886365639090178
1201769429424160768
858186763334725633
866825499069018112
1135501438026752000
1124817389771317249
950247642255245312
716368382424875008
869373886624641024
999452083101257729
992181893443137537
1259759212838264832
1266645708958605312
863899944543768577
1255976387550912512
1259553459477151744
868358245604093952
1122276725150400513
1238288446687035392
1265229787014627328
966187128298278913
992196262000381953
1263381485625290752
1124814998804127745
992625670792470529
1265765264335581184
728317221998313472
986690779554918401
992213267009032193
1144724132840624128
1136401222393036800
1127132623073112065
1131355051022307328
1256636232729886720
865271171602599936
1124038746091016193
1265771225917952000
784526345228111873
1130243602094936064
1125954050257719296
1252998048317984768
1255981179853619200
977412399961575424
1012798387801952256
1257055994647691265
1128564041309442048
1111750752126488577
986694215474139137
1257056875745116161
1229987019036299264
1138150991506866176
1257420090920419329
738820900446687232
1255725383144189952
999129233685434368
1257480417326419969
985420101258186752
1259375434190032896
1127671777330720768
862062000715456513
1136886723147206656
1129211767868993536
1121579055700213761
1265457405177647104
856076153725767680
1133821331784474624
1000429060905951232
868799578026176512
1252433461151547392
1265748816829612032
1132853527145013248
1094113416110899201
868628980130078721
1048628506218885121
1260356862390317056
992182071940141057
1124842216590696449
863908589939658753
1005627690744168448
983830651440861185
1266913938080010240
1128334490935365633
973009553434472448
872656250956099584
860311319553896448
726158801979445249
1001646074265735168
1001522773744791553
1257002661543170048
1259456554030071808
1263438494596874240
1049769890003050497
1133002530532937729
971525261982244864
1266240159800627200
1248840934964076544
1001308920851329024
1128517294826680320
1096903114545938432
1267356769676447744
1263940067664084992
1255556064053559296
1118760838896128001
1131497537573269504
1000260171949494272
998734401209065472
869787857416597504
1127678536388714496
1000447401401937920
1004698041212092416
1254647341240033280
736598339600171008
1124816710709633024
872585338894360576
1180652859540275201
960712592387887105
734520773305339904
856937315866628097
1000863354933575681
741112191759101952
872565392932016128
1131190228024311808
1257116827197116417
1124541484222496769
1000692652863565824
994811553322954753
1134330700108460032
916479072564453377
1252999351173652480
1129895737334218752
1126638762831835136
1269096117836992512
756181756872368128
732310743931809793
916522632600817664
986475411028717568
868477895931228160
994743502909022208
1003317993557848064
1257464212305743873
1105032961495236609
735355638573596672
710959766574292992
999410997645455360
1134294519014502401
1002696365841059840
1261395274975154176
1123086348488925185
1230971886930763776
961368153668354049
992182853645176833
860987987557744640
1134270678599102464
1001230920470384640
1124850897197756417
1135282561644859392
1268272469475610624
1129551558678765568
1253001211586547712
1265178230311096320
1124838532515389441
1001623996879724544
1180091052806483969
1128065689568346112
1268969231928541184
1122613992180068352
1007030403170971648
993240233804177409
1130289538858979328
1132016379017891840
1136102441663078400
1127311931100110848
995747919930118144
871177432269492224
1135471903382212608
1130276792625012736
1265010277598887936
1233123703043141632
734999789472747520
1180124610887233537
1266591518886481921
1124825834893369345
1259552228704780288
1239397730988609536
996877021940674560
962031587246329857
1262846178131722240
1269164066174140416
1132626108404379648
735341541371052032
917470620231782401
993819762817859584
1244439313245020160
847202433456263169
1253002452265861120
1088976551003201537
970150849198546944
1257072075248504833
1128550385611821056
857737254997774336
1027031530961031168
871545526708006912
1129279441932333056
1257118773849116673
1000969438058864640
1131340416940412928
1253389270836576256
1126825864605319169
1001519479584632833
729525164768919552
1137414830324908032
1132766114406285312
1257420573584142337
1251823102149537792
1253490487579394048
1132779778618064896
994057347494367232
1119370519033241600
1255252963786498048
1261040011973763072
1124851838328270849
1258284194597969921
1136911201189040128
1005274778854445056
993004672623443968
1251526877034586112
1124851775157846017
949549026247118849
870774857993003008
1264058589081763841
1122618165722251265
996962900151418880
1267963890042417152
1231705341134131200
850843139336974336
1265774720465260544
871969413048541184
1119376594218471424
858217496677822464
1112826656839843840
736561205518467072
1257118402078572545
1121148738862530561
1267381539864334336
1262866411747807232
1001522719021752321
1000447891976142848
1222375822707408896
1004056873496076288
866336100711555072
1258876796112207872
1136104220392206336
974397118125281281
1048044505246806016
1257434330725093377
868003400414072832
718876031049613312
1134513089782632449
861529288703328256
1227761312075886592
1268352713872121856
1264410654152871936
740573857773182976
860923023417544704
721220149851525120
1259229962792091648
850469909992443905
1135826970312331264
1048352158854377473
730594328459755520
727660486656618496
1257191204915793920
992838557502881792
869173687679602688
1115204345999495168
1134656305198874624
1258093333864005632
1122538915254206465
1000302397056438272
1048446473534382081
1253935210811109376
652812714573414401
1261829107277115392
1125237856085164032
990744399481024512
750792075473211392
1004619858245509120
872861999485333504
1267211591225454592
1265008179855507456
1256717921091063808
1257417181931515905
1134585257837178880
863254017273380864
1205518662451068928
738535571462520832
1124817718877380609
1257480904536772609
1005146762169954304
729001458355245057
1124842447654887425
1134294438538268673
1265773107323359232
1000447797688139776
1129787499712315392
1001393769050140672
1131082488509681664
999864953748164608
1137100687063715840
992180504621006849
701506277414604801
1221928925433712640
1134293857506074625
1253465682746560512
996084115143278592
1002412336965152768
1000448471117144064
1133558565781815296
872490426123345920
1255359130999214080
1153399689610616832
1255770900423245824
1137411175056195584
736651991945789440
1001522631343935489
862894189048864768
1124178285677666304
1134307212018536449
1000709489412186112
1127251041151549440
1181101350867738625
1134367103928270848
731855168647319552
1253000079665541120
1264048910565908480
1250401687894499328
999519436497387520
1124834887040245761
871831576542113792
785734783409037313
1247755390586728448
1124856140329865216
1259474519253336064
870734593047896064
992250754800865280
867433483742662657
1127629220290711552
1135145089946263552
858546052679221248
1000911237779161088
958794597788938241
1004537069403791360
1255237228020383744
1127628614796800000
1106383815691472897
1261846322877575168
1049780063589654529
979513620730114049
1124848837148573697
1267347913705533440
872223993921495040
867320125093732352
1248089901124042752
1256317739623010304
1135340503886835712
872571346062897152
992244014323740672
1176657951371075584
730145325590900736
869003978174849024
1132042873442246656
860570648655831041
997167492625752065
1257463443074588673
871047111741972480
1114952618427752448
1128312376085819393
999818085538373632
1002254709421465600
1243726224048533504
1002060775080439808
1257432371645403137
988933362037399553
1131504654870908928
1235012270891741184
731787704811020288
1257478204608741378
993299233639813121
1124845010722766849
994345371927195649
870873102849052672
1257119107719892993
878364787753525248
1136567463652573184
1263925356151181312
1257479424782127107
1004405718910369792
1129149820414955520
809093031977414657
1000448245333667840
1048231124444561409
865472849287204865
865470803838386176
1248431776557170688
734520725850943488
996321138139701248
1254674465946599424
1000447271609163776
1226091442129092608
992542657387835392
1005522538153246720
861859268566044672
1135129746179854337
1005327372465348608
1253822320816967680
1124836144610050049
970061275105488897
858205217890631680
1269071352967471105
859639384708849664
862373625074917376
992989906773299200
1257433215031840769
1254394301073326080
1080550095952732161
1180167923988848641
1227761491223007232
1048351729319837697
1266566973299380224
1000784649038655488
994664787382456321
1261141663821090816
856375006597324800
718597843098628097
1124824029929177089
1125572189354299393
1124856223892525057
1267074615528660992
1258921041896407041
1264956414225285120
1127627837059489792
1122670154732720129
1264085281535967233
1257418180960206849
872650764693266432
1268446969471193088
1257417993525153793
863910339627122689
1004859444267712512
718597805073072129
988273171478519809
1124842672909975553
1126199534415138816
1257524190341251072
1269075767396937728
989652777846583297
1248153094445879296
1001870315456155648
1239284268966879232
1131189248272625664
997306589977579520
1003296862536904704
853058528867377152
1128703696931557376
1238016232515436544
994057196289728512
1005173719834157056
1132061715115454464
999657815302082561
741041586837843968
1260795201832620032
1124907888931196929
1126923766975590400
1179393391041146880
1217596373545791488
1268419628825067520
1132834892905287680
1257117398750732289
736262005878575104
995170729840721920
1117571814642888704
856269191337066496
868311001928527872
1143954382938120192
855639399914905600
1133699282894295041
650917546056314881
1135687875007356928
1004639064886280192
1212534889111363584
1267832900397563904
1127186512162029568
1261806661199204352
868632063258034176
1180089141240860673
1264950725352357888
1244768827498045440
1137463779471519744
1281829273719562240
870841281759404032
872679596687020033
730977013854232576
787581970761756673
1254500881152352256
1133568030790787072
1108110115535908864
1128313898656038913
1004845567991758849
1263644112704253952
1246933573798219776
1031047642631434240
1236557812633444352
1258860179508707328
1116369245358755841
1005630946667016192
1264092832575012864
1180344590476840961
995709398381035520
863369871126290433
1265858082756362240
1253789963305111552
997938036774117376
1267124921817894912
1265710100023087104
994330936026189824
1001945108146761728
994720531989495808
1184465159061012481
860312744090542080
1250956363266273280
1128067840017317888
1126524220961423361
997608893616353280
1117505962501332993
1257614178516992000
1257436694127325185
863669356150755328
741414535130406912
863371061146783745
1004642001473638400
1253000245202141184
964411436673875969
1107332419411320832
741511374961823744
1001223429388881920
1264756841045299200
987530201968033793
1257435665008697345
841773529564311552
996621416550174720
1256497415444246528
1000973955353620480
1107388579023597569
984594476779847681
1259691944154505216
861660112283090944
1132024082284871680
1268852676125278208
1263114996091453440
867263394435186688
1205252196816404480
1261076432885391360
1127778934013276161
1125126417324331008
859279456815132672
1124838998582251521
1259474226792906752
1259552566685995008
1004597689973116928
725775832265621504
1127787336240189440
1004811912669913088
1124840866456801281
1259632303718547456
1253101003994038272
1004090999334854656
1124813437189226497
1134612111440732160
1002427952962883584
1125197756089470976
1004209700491128832
999016071027851264
1000448018006536192
1127187487933333504
653685119223148544
844954906367467520
541341536586919936
1181427212707274753
992273091772448768
1266222004101455872
1172179182013579264
851572316944064513
1130544825092218881
1131355903892094976
995960348811358208
868319197762052096
1000707748205572096
1261456662997245952
1268770686952812544
968705698718613505
1261408366484262912
871515404747587585
1000107166839181312
991198136041345024
988544252718161920
1136765134661201920
869751998138978305
1003705304212041728
1257054860927324161
979546458707873792
1001272396873023488
735799631170150400
1123476413484605440
1264980718249857024
784554057246380033
830340116718432257
871184517304586240
994147092153118721
871851105758416896
1136156625393598464
1257464773960806406
978512263587926017
1076773342750785537
1257964226002046976
1263638701360037888
1133252053557596160
1239184624605736960
1266058028013080576
1268747092801638400
961939970279682048
1257452160950476801
1257483236007759872
1130216739033329664
991783986621935616
1266662191541526528
1002791523194445825
1001906186062581761
728005494551244800
1097609394281467904
1257088786597171201
999422092519006208
994753521738199041
1002300232769626112
868881384691937280
1004256917830635520
1257032851967184896
1265413385520951296
1225973486162296832
1254363259566292992
863894804369694721
991550927536545792
871137106280517632
868138796720513024
991856607782928384
1134223444507435008
1135396706885206016
734995852736729088
1003327688955920384
997396492988076032
992632946597171201
986053639091343360
985612769510604801
853675654569377792
1129623215246127105
1259323633931649024
1132186328218648576
1263694252437688320
994411738449625088
737772286110777344
1262954582791704576
1128496052585304064
1135495546875076608
1131707574249734144
1133567574647754752
1264958446906638336
869904126748864512
1254471520135163904
1119074217120747520
1265132103528353792
1284033427091238912
1135920689019781120
1118617131890933760
1257100691176947713
856301467294867457
1257462878168956929
1261952381558476800
991815149994508289
1002294910181011456
1163971273514115072
868557742389014528
916414746847510529
1264778559101087744
1116378268845916160
1257118815800537089
994616869699088384
686497381214138369
1055156229670113281
932796813277605889
1123025154331783169
996519253429923840
1000697071009095680
870061138560344065
873406009744506880
1141423442776952832
1262232388189036544
1124852154813652993
869669836253515776
1262687673940709376
1002594127769767936
1265772081698582528
1133142184301101056
1134346833804967936
730809182097408000
1252956783303999488
1006052106018668544
1264413002900176896
1231659424037212160
1005630064017522688
1004920264515244032
992196265116770305
1134565414262030336
1253000733368782848
1000449548369637376
1124855504711999489
917568556911886337
866084441162911744
1262150961359491072
1000235380496551936
740946063120310273
1236382438641377280
976589142765166593
1262867570516557824
992668924959334400
1257057906289811457
1257055246195109889
872929042511343616
735549354911350784
1257055537372078080
852704713404198913
1227712259325702144
991610555678928896
1127311655785984000
995853334928080896
1257104859895697409
1127628422701875200
738510721989685248
1180203122010107905
1259725585140162560
1131304822277332992
736661593756147712
1124963000353517568
994839790107357184
740067960244375552
1133645471429439488
1050861236256235521
997019615869874177
1122581541890138113
917441035486355457
737805726663233536
1266142532601921536
996285579442765824
1136425867926069248
864700820141297664
1261326127750709248
872686869870239744
868258804175966208
1133129366017380352
1264294482191327232
870409064646107136
713860570431946752
736597044801740800
726145384388366337
991907868192382977
1136124769046913024
1257058009616482305
1261343308358094848
1240834664176832512
998140383018205184
1124841224772005889
992218087728140289
992652611960569856
1227761586827964416
728358182526783488
1126762195418853376
916473024646447105
1131726613890228224
1256125926094147584
1258557562089902080
1263534751755546624
996297391017984000
858645519440924672
842883850928504832
1101452491461398529
1263639064603537408
1263957093317083136
725056402925637633
976250801200984064
1124852373219475457
1059888259876233217
1258607894572572672
869753779590057984
1124819492837261313
1266245615700951040
1142859225400545280
1212502799611334658
1154102389029707776
1131677968012627968
852646587619459072
1266944563029757952
867097671930880000
1262517387723280384
1257480075108945921
1264620102381215744
1269397363227643904
1257435473295454209
861452252341202945
1000448853625184256
1022669583863410688
1137307721692340224
1262419204317921280
741093681884528640
1227761425473077248
1257101302601621505
1127774569797955584
1260725452889137152
993337930368200705
874051222368325632
1095874316673187841
1005323989476540416
992990568080822272
1124850323605712897
996585642924707840
867452669403533312
1180971858647810049
860206694901325824
992533917724913664
873718351573344256
1127696271466213376
873331245621350400
992213733713444865
1257105034877882369
1098379049853894656
866132302072262656
871530907171991552
858137705463357440
1261790747594592256
976574736001998849
870043858292088832
1136337411253882880
1137124204677042176
1002485545953505280
1105599647847952385
1126523987363831809
997033546222989312
1261007736607350784
992180386211622913
916330224894214145
726159120851406849
1255243952592781312
867095708744937472
1134200234420203520
1180085725063749633
1256290510184665088
1253000445396275200
999733277806108672
1257478301459419137
870523642780479488
1261018279049187328
1259951772248576000
1135363323597590529
1264948738980331520
1002422059038842880
989344747699372033
1227762059748315136
1002377744015163392
1257054799472361473
992897119398805504
1265756165829046272
1228848973423333376
1268339427231412224
1091555552951390209
702274506160435200
868643910900183040
871582560935956480
1228106407954366464
992963839408869376
865318746473005057
1259336622961348608
651545246370635776
739946369590157312
729112579921838080
1134738225525972992
1052375772494774273
1004426169917255680
715782332585447424
1252998131956600832
1267619921416699904
1263370868411613184
1262879800364646401
1130642697829617664
1259456303588192256
1101620822168494081
739589117293318144
1114911708427943936
868872376044158976
1180379700329361409
1005165043215925248
1258904086485422081
1227761457026830336
972659874356121601
849404363427385345
992181767832129537
865699785028546560
1001522822579052545
1048214714070794241
868885789256364032
1131396367756349440
1253003762226700288
862067685159198721
1136050526271418369
1266913104214622208
721960317336231937
866812829410410496
1129515698935435264
843198383068917761
736082356208816128
822351888371539969
1270566673383948288
718597669366349825
878101585635725312
1080547014879936513
959105863283781633
1262972009659256833
1257101635474165761
1132455912695808000
738520908813262848
777023399972155392
872590673659039744
1257418724730736641
1265524208985702400
863397783590289409
1264313329623502848
1253003494370066432
859747412682579968
1000984608332173312
1133268208615800832
1005188045668220928
729908827197145088
873362827228901376
863246460613939200
1124844116488765441
1133919669729173504
1134660985773686784
1253001282545786880
787303647326433281
1241286646515642368
702674378009178112
1124820939280764929
1080552120325197824
1124839208817557505
732971467351932928
1000449403724890112
868976098896171008
923612512833105921
968676284710584321
1132465826768035840
865031990712320000
1259553528280530944
721214737643286528
1134174438695632897
869803505425235968
1126523925913055233
1149580235654979584
1257056199208091649
992194989666639873
1255840325910405120
1264075416193216512
1127342698140291072
990495985556144128
900167023823581184
1253000893964505088
1263358265350180864
1004109117465694208
1141160055746318336
1257891789507928064
787326256852103169
843198477361090561
1124846697441140737
864986354428317697
1131275104673001472
1259541894212362240
869371415567220736
864644946886524928
980026649175506944
1129521058559713280
990113167483154433
1257072886879899649
1261388750311673856
1237395460432351232
1255209058151956480
1144827192896258048
991121983175753728
871211474721345536
994056771670986752
1131189851375693824
1131497324141940736
817089269268062209
1124841918837043201
741417778933936128
1126597334722359296
1127343011932835840
1263195949371502592
1131451680819810304
1269018956052582400
1116515430702637056
1247284421720027136
996441642901061632
1134013871934705664
916875129647386625
967501169939562496
1123796497839112192
870796227590172672
1260395751515631616
1257100305464569857
871591036189908992
1133469296216162304
1256122865942540288
872880587659214848
1261130206442168320
1262145390656880640
980344595701735425
1263624975512776704
1133168460906786816
1258244797475328000
1263214164965343232
1124839167671427073
1116377795904622592
1204889904543191040
1261879424719015936
1132600519954010112
1124847808667463681
1004464754603229184
1258566461077606400
1124840474658480129
1129520446069727232
993666250234556416
1123453768021983233
1002651867106762752
867929907601293312
1124853128265490433
1089377457188184065
863197146906767360
1265128118188769280
1113938148435873792
854406168783757312
1093153876414480385
1003768547530661888
864706836820058112
1124852714824531969
969373003546972160
660234675805040641
1227762115784216576
1126675153204682752
872647732966420480
1261113941728178176
996175779610394624
995540065453600768
728803365257072641
1257087237716193281
1124153760470761473
1257447850262925313
992181022575632385
1250243117785829376
1205520999366279168
1133606421549641728
1289265782320009216
847124931505410048
1260392661932572672
1212821852213227520
1257086873210195969
1048746688711606273
1128530467260596224
1133110762051969024
1138178668561334273
865296644848111616
996866244890415104
997278914730897408
992211818682322945
876477582835830784
736062872584593408
1131190466239700992
1003884720989503488
1127403414805200897
1124814130742575105
1048177784465502209
735444358022701057
991468443624919040
1256824653381390336
875947864990388224
1253426785345880064
1263024132170194944
1135712604569337856
1259399050189357056
862214335454388224
869634498168512512
992211091557769217
858533351387152384
1253505539615232000
1236426846808047616
963876027074248704
1256732407550185472
987759642866429952
843198209458290689
649928903929982977
736931565120180224
719678467699961857
737784087242223616
1257116301550166017
839573006568255488
1003448306539851776
1257071761250324481
941431356490424321
1253003689954652160
1000567799804190720
1125901541531176960
914786175221698561
1257086483236401153
1121542046258192385
1127695548104048640
1004566353602289664
1122538234506100737
993207610667048960
1265808849563029504
1251965862638796800
1265582710286467072
1239475048075493376
1137135982551359488
867887172919914496
1257070003102949377
1125680847773945856
1132886748033335296
1137246960228040704
1112131940485828608
1252998484630454272
1124857115987804160
995848626817736704
1242345942615592960
1258849224196374528
1257464283957051393
1050131651830919169
1257464417231048705
998795451388317696
1257056964316237825
725523748211453952
1262540721492070400
1251026626980876288
1262601350353539072
1264993215430262784
1052680166457102337
1268992326647169024
1124857643358228481
974064408420737024
1259245776572260352
1079165570773467136
872157826259304448
1002305066348498944
1001750773987901441
1117159924900913153
1004484517295448064
1257419677919887361
720068214100414465
1143244342317117440
1131710515144839168
856281744930893824
1283656401494769664
726145161754710017
1250999262632747008
855295278197100545
1260604822147571712
1124817884854386689
1270448521123729408
1263565984904531968
1253897539355160576
1003295206873161729
860345469602332672
1260356820740882432
1125075235805450241
1250561653708173312
1259474320804024320
1180240105146978305
1208797486135640064
1129849443223764993
1000907833803657217
1021156114748006400
1144446179175223296
872956595775172608
870844445564788736
1258880721808785408
1264945446036447232
867926148007485440
1001744395160326144
1227761549054058496
867310084735291392
1001918918837006336
1253002535405355008
828004970249965569
861267357920792576
1266477132645670912
1250179875227045888
1134902928243847168
1256727666996805632
1254196218465112064
862041771771834369
1227762086117916672
795347846613303297
998317638696624128
1136403122358222848
1262147412198170624
721217977315295232
1265421442867011584
1251370875026931712
1260096964184244224
1253725749345517568
1092566786589007872
999776770813472768
1131190679071354880
1263114687529099264
999034639530409984
1134025186858147840
987395430776442881
994344793935265792
1112807118148620288
868766591523950592
994062928145887232
1257450398357143553
1255610839377915904
1124835279715176451
726951797373124608
1261757099621220352
718597896123027457
999788715864080384
1048623114164289537
999500229701505024
1149110814549344256
1132348773474320384
1227598539715002368
1126595006745219072
1257120218329653249
1268913435718979584
989381747781476352
1129521246330400768
1262897840254889984
865785205116514304
1120067715550572544
859896625684914176
1131497721841520640
1004147123081818112
992182075127803905
1131505322205601792
1269354119441686528
732746761399017472
1111431704776019968
895411985423077376
1127320701528051712
863894926797234177
1252998690889543680
1267314561275404288
1000449093610582016
1133870875520057344
1115177497588527104
1128055909223153664
1255265260848304128
1250291382019432448
1124817918865973249
987740280193339392
864629629363843072
1257054970075684865
988867287224508417
1257465231643267073
1005189535556296705
1255916683399270400
997964734311845888
992212597338075137
1003561739742437376
1269048765205987328
1180102721141309441
1142598274856239104
849460812434255873
1134734985124171776
914422377969262593
1126262576712757248
869026021180071936
865434619967848448
1129973083923718144
873384728902918144
1124908278594576384
1014630565229760512
1112217622080241665
997610076716290048
1257115676334620673
995387575093317633
1257481123978543105
1130191551382081536
1246562191054733312
873063239209123840
1119782882458968065
1257102260740050945
996860227528056832
985836724586631168
1256798857312882688
1257482176891457537
738417931876253697
996597014941118464
1004815792149467136
845451246851710977
1118470851092942849
730901747203178496
1130606575158370304
1124844803628994561
998357615950303232
1257057021220356097
1267349290259316736
1137265317140606976
725857365919887360
1135470672567889920
1134160154418659329
1266312049193922560
1257451123598442497
1132197079775858688
1053957856363544577
993491111949766656
783025304779276289
1126835236630867969
917924504905760769
1136837953440989184
1003454442416467968
1268322141808361472
991121346203648000
1257451922697244673
1004177093623685120
1137154763755798528
723611221080784897
865290627041058816
1124500574856269824
1256364783649701888
1002805041746599936
1134294345395544065
994311203667095552
1127319370163785728
710515927296311296
1261711673861885952
1131310547947048960
994033020078256128
1257072593932918785
704602008031670272
740650792729669632
998331306494758912
1270927509071863808
1127343092513808384
843196228291375105
1255225613057261568
992509400969531392
1224237832541835264
1134294111286145025
1131610155488776192
1121936663808143360
1136479253224144896
871869591238918144
1257433031539437569
1082786781369565184
708174571995492352
1258256208230359040
1136834849047719936
1127021974347296768
1133869909991194624
1130311798110019584
987075448968396800
860566980690817024
1248538084694294528
1123407754758115329
1107144910031052801
1257448646719307777
1126965768240930817
730385071671975936
840808062125191168
1268382750461673472
1257465486958940161
1257087001870471169
861056191592251392
994609951098068992
1052760557868134401
1260477038389645312
952739131090640897
1257116934634225665
723731151545524224
953853329765965825
1121852103909056513
1126721546707492864
1132442244386086912
1263996323305095168
991432723367542784
1268775799289298944
995426313504694272
1246377653406023680
1252998625210933248
1125835588894085121
978733467288621057
1257464414848688129
1125162540482338817
994461825041272832
1133992195171692544
857373136662941697
998715659670532096
1002364417499103232
984950696086683648
718597745455235073
1257418318030065665
1224888621278953472
732814673732333568
1130642145393717248
1206752795986755584
1124469314532360193
1267218285166854144
1258911653139861504
1131609816373334016
1066466652579110913
1267905282055360512
1135835062932541440
1224073400545202176
1004858775041384448
992180208167612417
999434228842426368
1124841489759739905
1293770202076426240
993231914121101312
849835923867799553
1261529820508991488
958505360384438273
1119821435813425153
869385263359647744
723211963055812609
1127342898904846336
1000447589050904576
1000447497082339328
1004567775823675392
866802795343417344
867614089394950144
996471708305539073
1259456415748083712
1253099225047109632
1123675443552505856
