386023351337947136
456896922888695808
461295421063426048
525323593565757440
567900536863956992
589664146870542336
598744522930855936
675856084065411072
724379888206811136
730574277081976832
731173479382151168
207744802412822528
309185766297174016
337710573607211008
467218654899990528
469070543543332864
578482796171931648
601781645556649984
604043861966258176
605224440917225472
727460610937307136
728160950477234176
862547823072280576
458455019826442240
470990266312945664
484746387607515136
571887211869155328
573256986432765952
578083600990253056
652408597631827968
859985728925437952
865413572434509824
866062328389574656
475150832879267840
786332531309019136
863682990860013568
870062761395261440
998490027594153984
998845046139039744
998848172338352128
998964761058443264
1126016738157592576
455246303522189312
474999783296069632
807100544022863872
964241792537292800
990848546863681536
991131349618618368
999506524970053632
1004602668469313536
1093308722232811520
1130955632674353152
1262867126473990144
872695546639491072
1000230426167857152
1004209387491160064
1004210783770767360
1004210929740951552
1004210950167232512
1004211071160295424
1004213596915609600
1004216160205774848
641911531382091776
730173656981942272
731967934628515840
731970644425682944
739955622321278976
862807744699383808
864929881908187136
868536727617335296
991543172318728192
1000250313376419840
1132540696012914688
867223129368494080
862548097887211520
873049628122234880
873425905731678208
996914979682955264
997598661645221888
1002015534247972864
873019158332350464
1131395401745158144
707780842457473024
724492999391784960
833011911145676800
862167594378055680
872737896833146880
1161593091116236800
1262117381690363904
1262527459375448064
1265072134980386816
463432474286878720
731365188737032192
961448059806814208
986817630734487552
990444318492073984
993363463617486848
1124780241441923072
1124855138725892096
607353786318520320
702674210056634368
732127403039629312
732128574173196288
732134539928928256
732330887802417152
733797652784877568
734363649216532480
735357092235489280
857686687885676544
870335724065579008
994294104764846080
994294172607680512
994312197482373120
994314510917853184
994755852160733184
994796837687074816
995036655339769856
995039587493838848
995047038335172608
458818511121149952
608812292909367296
715696049766891520
857139464064049152
860361599599362048
991825284250894336
991879693408280576
991887755749699584
992833251062431744
994965005378334720
1002356512787881984
862909381275152384
872239455988297728
1121504482413711360
1226070095910948864
1262524855568322560
1263554341206245376
1263602880124817408
993343332459802624
870158653343313920
981987194913001472
992497358418059264
1000611758802862080
1000834119015677952
1002282374278934528
1003161653644447744
1004856639637323776
1000834478710865920
1000860977354637312
1001996448889700352
1002029528627171328
476494372532121600
546596064647262208
546802599168126976
546803302498336768
546809231935614976
547550938370547712
592553346129248256
607650162755563520
651292755221368832
704505285464625152
728449752911474688
342040643784294400
423937177819303936
546804828910465024
578952558937149440
669793810972229632
672080801399132160
704622850522300416
704680681384513536
704730621225795584
725260681590411264
737274413392814080
546801757149016064
546886712464379904
546891267080065024
547926914599976960
548345342238334976
554123776215552000
555524435402321920
562834068759969792
564916309293944832
575898011259379712
595797404242997248
459888866929668096
461671707271229440
471035866517598208
597640790969217024
669697339799195648
720778104460623872
720778438998335488
720779907294126080
720782963960279040
720799586167373824
720804293690605568
578937065052344320
834879155958034432
968639227976081408
738333047254052864
862602008744546304
473657159184281600
565011010649468928
581312999705325568
583157452292280320
592793916193955840
607405067796021248
651839237938839552
655518634944327680
672924650048684032
720846311003340800
602330306766254080
729055943773548544
849845500374003712
729224814677618688
714838813721059328
724058094077857792
724167442837889024
859445637496819712
1119759774888947712
1119881177126580224
1119925616989569024
1120283743878578176
1126088329642074112
547515450009686016
601268950277365760
617849943868133376
655244385507713024
676300850792034304
692246490285973504
849862154180984832
937587400912576512
994310010693906432
1050844316232540160
547535179139092480
550430849193193472
591416283749212160
631660712074289152
640712666410737664
647496208742420480
667175691443314688
709937655781089280
720848636115759104
720850078943748096
666706302575128576
850854635240566784
459072056605011968
732039575521869824
739700669740675072
859615527998476288
957501345802555392
840685941571055616
1131780216369819648
994128394361044992
1130362332284145664
1259384648916545536
304048878192168960
559546429227155456
603418486844239872
609535038953951232
636809662246903808
644739613545549824
720125600253177856
720781924955656192
894380813670674432
1124421004551380992
1002968222724988928
1127281874797211648
1129827506363813888
1129858240755470336
1129868176021483520
1131030024653639680
1133252651593973760
1137104086803005440
1186899032479109120
546582317366763520
549432780249927680
549765737909567488
549767193557966848
550119503402704896
686430505486344192
854492058042355712
854497231414353920
854533573963804672
732385645883965440
868315329124827136
962820773289230336
995811684352606208
1111428840296902656
1128531937276088320
978340634903793664
1125991287296987136
470342904578043904
470349860575375360
605521685969432576
605522326821351424
606146337431425024
606279914869583872
607057217627181056
607058629463449600
607091201052585984
607785813136207872
739608951557124096
463764544217411584
992911755556814848
441025802490867712
532714792691707904
583778235054080000
587173107429576704
587200668494766080
588076122885894144
592196834064121856
729767746086289408
729827847673364480
729838740406689792
729843997878677504
361914309997170688
801685080513806336
944120922838048768
998812210937929728
998820546236342272
999353574427549696
1000956272335736832
1002065482251358208
1002066936391507968
1131309606992547840
1266549572906262528
1266550996608229376
1266797007570214912
1267553806950862848
1267950983523082240
1267960819627347969
1268014754954227712
595477518748811264
608393170195144704
659217282165211136
662081320100380672
740829520508166144
863512314207408128
863516502270259200
863517772389400576
1000061320006864896
1002817776039387136
1003005704090832896
697909217000001536
865800245102141440
866199323304673280
866410913283072000
866412602543210496
866440584309641216
866666982844530688
866669163018608640
866853899997450240
855554026098520064
993225870829572096
1119683837153349632
1261786167750168577
471520533289103360
733869842712621056
935943642865336320
1127108321204350976
1133821868533944320
1260793777308585984
1266986038807502848
1266992082921205760
1266997112365645824
454115538893795328
597656124266713088
603377811675217920
603379931996557312
603383306263801856
603390608110845952
603664861116821504
603665949517742080
603686122178035712
603992592039874560
603998662854508544
863232373423202304
887753589706219520
995889920625590272
1001919614835658752
1001923872301584384
1001936479003725824
1001945627976134656
1001956589613572096
1001998829350170624
1002034931264131072
992548951771414528
1136149276294242304
1257446983535165440
305517195100717056
340375818050027520
737064366754689024
870825878827995136
979069786187456512
1069408620296675328
1263959667575369728
1264275001054347264
1264706687894310912
1267345593290739712
1268635031740370944
468406762198790144
469604419315429376
563783356631945216
568152726875291648
569246555341565952
569339373465387008
586181281868455936
593962338403540992
594573914038919168
602157227251404800
700469263932166144
76459084932857856
335836900763906048
336301150053625856
416399783213670400
428046041535754240
428241789632139264
428751655119372288
458329493891706880
470361308533878784
580568208247926784
454706072611975168
475418724195627008
599770701058064384
606218078447005696
608513851612286976
720398570687139840
728257774714216448
996214854656655360
438793534833684480
438947514897395712
446900300800847872
463033785022148608
470438364898652160
471706782599737344
546885133726973952
594744750876188672
736947975363911680
738062714810806272
996315453549170688
1001671444683673600
471045461575200768
549724342238822400
603798484180598784
683843891580977152
729164117683875840
848359512514609152
852932367382335488
863168895996006400
336160404256346112
434084938858360832
463057627983638528
468139514481602560
469662195597176832
472402335969046528
473897588911763456
437278905598996480
468145657375354880
468938957988556800
475066050354868224
508979954682355712
581732957325135872
596933719256784896
601090266866184192
607303457858195456
607307019577274368
609087399200354304
431562372436475904
466829564492902400
564964934723866624
565009174533996544
575939882786648064
589316534724239360
593969031657086976
611571988074405888
697593505081528320
702941866680750080
720085137206898688
452900540813144064
468138849151741952
469219120638849024
560146911718322176
576463609713164288
587307384196603904
636001570969948160
643602461755555840
644003190223921152
710533235578318848
720108346220298240
468135394890739712
473285944749846528
475001485675982848
588848794083299328
593622711327051776
605067217129771008
609043960693850112
617528292941107200
672993406359801856
700802042725228544
725759075580739584
413720328926146560
459913052783898624
463039035900686336
468262277364051968
480086892096778240
553065171151450112
557305697713373184
567052438367645696
606158332943745024
720065069471330304
720066095192539136
336610295290019840
432231016682233856
447116471533826048
468131142533378048
472261755741925376
473367401740627968
474281614067625984
589251639345446912
595396422057127936
646866707171872768
720012708686163968
720668851586527232
333852577009516544
358833424305369088
434173330052870144
438796350339936256
567531050286841856
720076469824458752
720147667618955264
431215009633161216
459009049170538496
464530126411919360
595421229612072960
597201684145422336
606698387525431296
416847811787628544
468118590495649792
470780619740147712
563149293499564032
567784301779202048
606895413110321152
459433932874575872
468118478314795008
472765002617450496
560660968680910848
593985378428436480
606277845093773312
416494354325045248
459544655617323008
466825937850200064
692744622987907072
852943935784493056
865712506612613120
976887486775427072
977231266489720832
977343076802875392
977646831876235264
1000152509681348608
1131316739423354880
408113740702027776
474261587037777920
637595464061095936
708484022287802368
727348070970408960
870191908444655616
985031663384072192
999375116104474624
1008965235240140800
342925882538704896
719980401602437120
741011747573551104
863930278291353600
934587198333169664
991878842564329472
1001192820394250240
1004211739208081408
1005102103121014784
1005659482225504256
1095576416671969280
1128363124643590144
446830545574293504
469949872481497088
471139887689494528
505797770459090944
597581626112798720
732451846802776064
853408635685019648
907765426292449280
997927880489234432
1093392871799058432
1107411800284336128
469918893272461312
555745785838493696
563433879879921664
606693408647499776
608887612198957056
677917519671013376
714551908483805184
729108285776613376
733857595290460160
414137737877131264
468145164553023488
562722521600024576
566807240685195264
569370048825421824
579712087022940160
587695191847153664
677940754735259648
698344709042532352
731386632061747200
771818063829045248
434531905082224640
459394065302024192
466652979215200256
469289045675995136
539183927671988224
560860162399907840
560870429790572544
439819555917787136
458634995771109376
467375726601957376
468123793018056704
468131185273335808
468323360976138240
468415092627599360
472260753559121920
563811282032021504
474729558105387008
692425894995763200
888555486289502208
998376426229460992
1003325600666456064
1121903943111602176
1129780780110057472
1129999459691122688
1130162144764506112
1130169163064037376
1130580542296027136
466066334359220224
711607832478326784
827211368557047808
827222645488619520
827232075173191680
847523018942025728
985244552422387712
995438926984777728
1000968000742285312
1093324947361075200
1129259113113939968
470744489850302464
587308374987677696
604461260989345792
721555488063422464
740781815736008704
848695277555646464
879023903849299968
932379530004758528
993137234071154688
1097275433395040256
1129184606567178240
1129187877994348544
342135808158908416
433815408215060480
456899357694750720
477242298468397056
563404799401287680
588576312088633344
722607015104421888
454769241229357056
472201271818842112
563150747701485568
606218132603858944
453955312567709696
458334576415076352
458656354370842624
462315268878626816
463035665303465984
463400052577005568
468125480369778688
468319130915696640
469732064942354432
471465308008214528
471720909065940992
141613772594102272
336161278575800320
340657864899117056
553022446539739136
558771996362637312
576522932700880896
588840016390696960
588900166778523648
608868020995043328
737814536429711360
809864043224506368
858156113932177408
1017226172431745024
91836021226225664
495592571041476608
591151157318033408
441327275544145920
466610346174443520
466667601519439872
468126151399698432
469896855455526912
470398789585203200
586263232474300416
339966985465040896
553067142785740800
564207535089979392
580538699842891776
591140817855356928
1130238329640968192
460461367342657536
567891124146024448
569840237365227520
731358849658896384
873041592116805632
1182419885456310272
1238183153735041024
1247745432054943746
1262456965645217792
1262464377232048128
1262557277634703360
888532251212668928
964278180347461632
996867332578267136
1002271073850716160
1094089054464872448
1122951204180561920
1132463150843994112
1246250758815367168
1257873638699315200
1262428324232179712
606302128100691968
727307193329717248
1002057311063494656
1130277908171362304
1131219596524040192
1134916389157933056
1167139828031451136
1216557076579356672
1251355495214628864
1251755366534893568
472633259369426944
856948193378844672
858884389629718528
858886704977776640
1119353385536282624
1134269837670289408
1135421376896196608
1248815601812508672
1249547616224542721
625092961360744448
715588693070553088
867523122809737216
1036135473636536320
1103018532553609216
1128447767824805888
455057855431569408
457237662185549824
985345241605574656
994737582208495616
999417222999175168
1091095489367404544
1127386393841479680
1134141874991796224
1137167843797254144
1254968879780728832
472652687993729024
562127800449843200
761768446726971392
999321137395908608
1004801178061877248
1130587591897681920
1216069372469055488
1236363561664516096
459415234268884992
738048393473134592
831657890338156544
958201869518577664
999667664312221696
1004391542930407424
1097569411193565184
1129074292920119296
1178851359670452224
1238486665576583168
339070586716180480
464875479493505024
1119453746641108992
1134655601776152576
719947584264798208
738051232521920512
1034295749556740096
1130747319156252672
1134913839394918400
1266586095110336512
1266601320953954304
1266824650524983296
1268027588106784768
456612972647673856
456620873055465472
456663108757221376
457350913170862080
461636897630842880
602363604414578688
606365357313167360
735179355453571072
735324292929228800
735324824901152768
737012870646202368
598568461207130112
720301066989707264
720301625612267520
720302629229502464
721908377139093504
721915080911966208
456619673761345536
866105848525615104
866795852855885824
866821024535175168
609227783054381056
870465000966438912
870466356645158912
991551020863905792
869098314367455232
1129809965876649984
1133220157645598720
466431024956436480
546541583255199744
606306044431392768
730107210486620160
989323821133959168
989334519381639168
1008444132290818048
1011473695124099072
459943647765327872
838868349504053248
874501040333021184
959088250621157376
980581351139135488
998729539142459392
1015355659396710400
1051107490852741120
1119719252036112384
1125243233354813440
456974092956856320
885087749320007680
885678844185751552
857098603783647232
858391247889477632
1126994577023545344
1129141291255926784
1129153950361432064
1129206521189072896
1129982821159923712
1132888847358013440
1132896565892460544
605821162596941824
727784046716858368
740610141728215040
762027976446586880
836433131321032704
849092368736034816
858822890982842368
865676613445120000
987865155788754944
992218415232274432
1125232641072074752
1134965797274673152
742837574879625216
1038291793718161408
1038527485861883904
1131327306599043072
1261253523702550528
1261391871192608768
1261472325186891776
1261768028433944576
1265019845666164736
1265423051973988352
605888468509351936
627748826500902912
654464947291504640
673989264857456640
701232515154800640
703481571457441792
734309805610688512
735056363738267648
740419505641168896
734752495380848640
744264715265552384
858818332005105664
860566254392557568
860571206695378944
860573372994666496
860636281397473280
860705952347840512
860959568086310912
860961596757917696
861003858388860928
465234650567012352
861734893753888768
864319540719378432
870536730829291520
871773120913141760
873420814312259584
873653984408281088
318602126991319040
423986914673033216
473555540119646208
486637728159494144
554527160506986496
715250187618033664
718927288334352384
718929710142283776
450323205987495936
450899507895332864
467501844994715648
641054366224195584
676606425824321536
710744394038308864
717204643431673856
717893671470600192
809094054326411264
812428020815126528
450963145045831680
572683250706481152
678151695695450112
678761283176202240
701961819895468032
717927059254513664
752411913174089728
627431166470852608
738152006002364416
741167570048212992
865036043395653632
866948672850669568
948338106225369088
992949689857208320
997980278368862208
999721519796277248
729137067178749952
865136500558430208
873386023697178624
992590846488850432
992645368120725504
996614019060514816
999578085970382848
1134241981905063936
300696031169904640
468010452517908480
550887062105530368
625641601003237376
866436934044651520
867867578658398208
1000223513820667904
1136138559901601792
1254570501385244672
466006588184850432
596989019913510912
638932358053220352
644630029065605120
722375950205009920
743933595466457088
835718700995846144
871785367702024192
995556587601367040
997681103685107712
1005390462166908928
480312502811357184
610692105030975488
965412604296417280
1095529988989882368
82647531578081280
461321515334365184
473895917670363136
651102207088893952
736273532073451520
788259826617696256
806787949533446144
862203967847899136
871246303483633664
991877693853462528
1006642644258312192
850487052096094208
851625202889637888
853410793654439936
999309727609802752
1018013933426372608
1018015779800875008
1019790264955035648
1020529619889487872
1135686622097653760
466398406894415872
466472391439020032
867596253406621696
1117461471715233792
467468128675164160
468634515686813696
513569730877472768
702183130299166720
745804715983601664
863618347500187648
997550073665916928
1266930816135462912
214168906925867008
359185889198551040
517820595115593728
701467967141007360
740208217933647872
858121398726557696
859217288384077824
1018280382799671296
1061748486967734272
1119499197201485824
855846871187427328
1134252096834048000
1264356748223852544
457694866214744064
727276950455951360
756372285849452544
799013233355776000
999225419519889408
1002702000338849792
1120450447959072768
1131713462847229952
309788360631652352
462688362843598848
473724588891566080
598008116755374080
608426065672630272
716679913058426880
861140806285758464
867938265456594944
1126269131147407360
1133131775647621120
424090492326658048
566478003697958912
722983232374632448
730269163544764416
812136778545881088
869304522059702272
985732695227424768
1003166741926641664
1091100411483832320
1126228775370428416
586016631000440832
602266751681503232
602755945738596352
703321806836150272
713233013172936704
714836864451846144
734275033068851200
734275037074477056
734276261706346496
734276274209579008
734276722761015296
375836877862805504
467953003517702144
471564861810143232
481567111806709760
497151293173788672
595394616920956928
609264542102396928
720170538902810624
782896819347775488
423945630902132736
487422579062075392
870000869205295104
870024597003759616
994418418537324544
1000048016984039424
1127069584512778240
1130960763956371456
1131293263908077568
1248666109456953344
449633491001274368
491424308480962560
850974292127612928
862184841653895168
867145262202761216
867207439236358144
867223803355557888
868199308556689408
984489453546713088
703449700275154944
748586911404351488
855881904145182720
862509639596646400
865565874109714432
869350575437959168
880129671730339840
989032608900210688
637493476350562304
728798699198730240
754539945993187328
761013315186114560
865821308443824128
873402697326465024
987934991831134208
1127010485444026368
1127078620477984768
1259432759135305728
1268015132106051584
1268342941424828416
1268346042940661760
465291775989248000
572932715657650176
576283252445962240
727688364848955392
727690543705956352
727692592812199936
727695257952690176
727736431706992640
730204030780952576
730206773004333056
730848834669932544
335122880658432000
732346629998370816
785598606265667584
845418100445806592
990392747746021376
991438774510948352
999128108882108416
999416280505446400
1000504168332832768
1075620921320275968
1131749863584174080
651534858186866688
636262032760471552
767457663004028928
869027416943841280
1024229677394685952
1094037245436190720
1132906543080636416
1135709787905236992
1149152017953562624
732847205861449728
1005611169966604288
1133904426235912192
1135785235192401920
1142175784979849216
1142280929742831616
1143704031853424640
1149177011458850816
731223872493441024
858091513685610496
873673121247551488
1137415456366751744
1137415605281337344
1137415616849170432
1137418086161788928
1137432442266267648
1137443336962453504
1137517760680529920
1137519368474816512
701615598546804736
858891122511065088
1131330584866869248
1134752865462943744
1135755362877272064
1135910180681744384
1256840515974856704
1267308231055646720
731008175309963264
863138329984618496
869310852111749120
1002769884486397952
1135792896852082688
1263692990019284992
1267267391969046529
1267314610323599360
451194312206577664
460327112176300032
738253690590388224
852705071740354560
855989121066319872
856330913393590272
987788146173661184
1127421013098201088
1127432005681123328
461778165056925696
777261397280153600
1123863449970286592
1248504835439857664
1260679827866791936
1261371856846327808
1266219737617022976
1266664284306296832
1267304260056395776
862554343403048960
1053000711308496896
1135822510127468544
1136430394968641536
1164358676891926528
1165261486177124352
1258680698684850176
1258945508332802048
1281104372419276800
820014376235954176
831290687533207552
859597207148576768
868991681129771008
884085955043278848
959241430638063616
1000727104366157824
1029188197349220352
1110033191248879616
701678114085867520
727668412901306368
728263387959656448
825466334761590784
854578586001203200
1001559662572957696
1091924002794332160
1100978667464835072
1119357268367130624
1119781340980940800
704761132547649536
736602053937389568
870471748938870784
1003489687241068544
1012867306189414400
1081091240634032128
1264622374674780160
1265380995398369280
1265382099846696960
1265409382405898240
967936318065995776
996480697953165312
337311387862712320
448285272262569984
637334916190785536
651928570477772800
652229872336351232
741097164712923136
856682794364035072
856702937425133568
865724089078280192
865743970796433408
988950386721525760
406316536798650368
470199013149241344
476058601727717376
495316687629840384
604079290522337280
638893139826135040
643293383502168064
650108362708561920
730921865794682880
731269012050427904
732678875670274048
312847516049604608
337710103262146560
340651070772490240
470776811379224576
485566170477359104
856384343583637504
872313438368608256
198501237115584512
735291003216502784
735308154237214720
735355333211516928
736284415541526528
738248112245731328
738517554649329664
740232980978642944
740340027149639680
740341766800248832
740765205294075904
464903355148267520
700431316855918592
735301711819882496
735307698228326400
735373840254902272
735685946506366976
735605363021307904
995402587421675520
606300943000076288
728718416332070912
731353895682592768
864024717449883648
870771992087977984
871911705087811584
915759401665953792
980702852991528960
799509509470035968
853102959762980864
867978235215003648
987468287627878400
997949515107786752
1002416097787731968
1128374894565113856
1128510555041497088
1136074076948271104
1207689001880780800
1261827573042659328
377238480264179712
740748610454601728
849395722569748480
872967020315078656
954133422665003008
980713072056659968
984014059823484928
998347809579470848
1002428682427801600
1002987804432896000
469705102228189184
599286882408394752
722129050797178880
873051754588225536
999053922499100672
1001172388031057920
738551231940816896
738940786430930944
852438461641236480
870854103989923840
871222977272971264
893585453641728000
979887175623831552
980997561379061760
984319741428826112
989302310956294144
339506634629857280
606940717041905664
749698187597615104
840414524485001216
853860267564584960
870054064912769024
998637209341288448
1001312190479044608
996454651757203456
1001332473235689472
1002073971187118080
1041878728839983104
1100318925633519616
1100321736886706176
791833089537081344
842672467171459072
846154184993669120
853362887534710784
856178546257797120
859181418868228096
861335420946984960
862004952430682112
872158354619957248
873088609740296192
565923255480786944
642936754856443904
650060402314563584
726156393073164288
865731604608352256
870733700277678080
937516965567049728
1001343090583478272
1002068673907011584
353610698053656576
470632699468443648
740007013039443968
880332877920337920
887369869983645696
954943034238562304
994100033949642752
1003312387187019776
1005543476743737344
1005936587932368896
1023693866622443520
1126621566961332224
1131948573152882688
602703597146292224
604395759105851392
609861973621940224
736649782210199552
738132712531087360
862855832860209152
862860982714839040
862861102906720256
862861543220588544
863124534474203136
863513769387712512
861084365743067136
497894269130895360
850896763408711680
995150290221334528
1132115765391523840
1132115793757605888
1132117785183879168
1132517793024389120
1135203841290428416
433673402532753408
731905105946877952
733115765204611072
862417184654192640
863514655258222592
871917313912434688
994441550811774976
995390667650129920
995565257655554048
996473444801949696
998697652856561664
725121164258676736
839716148651081728
847918872018411520
858232077265534976
864870371067854848
872684264834170880
951897253738946560
971287955987881984
971524990199705600
1011779732998156288
330945552294375424
340685609326637056
609595039521263616
727876516054110208
732062509351202816
740509054799151104
871215321602756608
871784034899017728
462833156559466496
463158581215096832
706577383838273536
871158063770624000
874563771492888576
1132090345774481408
1250513597352648704
870734812074377216
872842752361222144
990431340845658112
1017638686172835840
1111341311753408512
1133275671058460672
1135674622201987072
1138709499760078848
1259693039845117952
603869998405967872
604522642178928640
637080643209101312
673747531586445312
735021817189793792
985319143740137472
996228587982422016
1003503457275346944
625931640924876800
728015422447788032
728316086411468800
731045924792557568
731046790207504384
858666362506190848
858938673478107136
858992578517901312
858993780827734016
989723857969795072
989913860679229440
861810487459958784
872679048990638080
972305803220774912
997681984224727040
999252212196925440
1001214813973909504
1001356462087602176
595050833352126464
595825339851137024
729523597319725056
871995641444925440
965410660404248576
987049485232627712
999883839201669120
1001014099439902720
473928446326599680
483634161148489728
603379554324656128
739629224842977280
1001063622757486592
649874064067870720
849506605836926976
863297735644782592
876298981406580736
1098656813425315840
1184916065532342272
526496375272751104
744044169592438784
855302159686819840
991494194126487552
997779685964599296
998403611052961792
999169645146009600
1000230222865727488
1001156987893161984
1002712528713146368
783513000954241024
872016056091348992
917603766080319488
989381290346500096
989448325256572928
991850304641490944
991964500469293056
1001027139291979776
587120965851328512
859678196138885120
998468634324520960
1005149074401624064
1060241909546917888
1110605995706826752
1119397947315175424
1125836057318232064
1130640001160572928
474043505031770112
604436723635675136
728440948857630720
735245951958118400
858455011355639808
860572598118006784
869813823446630400
1009761899187228672
1023285759089946624
1125164509531836416
1127369854790635520
612827848457146368
720281488385470464
852058884406370304
868330674392899584
934248571187187712
998977574598508544
1001274755212759040
1107849715695087616
1115121289569718272
738887723812876288
787026515912175616
914947617996746752
914996022663831552
963819843885535232
965367303174979584
1004165048794710016
1098834555005427712
886111031586414592
996573073111515136
1036415480992555008
475163858638467072
588927305158529024
605583911690539008
722676893400256512
724433528221159424
729779194967465984
730585001913081856
731301652006551552
732122611135426560
958081030215335936
999882336483315712
1127141637332824064
1128881936887341056
1181375090722324480
1265006997963538433
1265074934393090048
1267274731485147136
1267500089555816448
470052334076948480
470363820020199424
736664146157936640
739990886569635840
740707329665843200
782768896141864960
866876051668787200
873565534539669504
996850770362400768
999451181292294144
1003826610551758848
736586430821834752
738774387905458176
739486334409981952
740328636292407296
865109124080381952
965492720175316992
992816819662598144
1003854252457938944
1004152419586002944
1004297257086238720
1004314335574884352
643870555065397248
731329874219888640
736417518465482752
869532446289514496
873458447608410112
873601450620706816
989229022435504128
1001958625948143616
1003759589826891777
728098673803763712
740731942030442496
759902080994533376
858064021025398784
872975465705533440
878472287966429184
916086017654947840
990245224351952896
991121083430486016
995847665030246400
1000884552283291648
593998809802002432
722924963006357504
722927361674256384
744254004153950208
861495248013107200
866875878909546496
866875959884836864
866876377163530240
872069049377542144
872223597895340032
555361572189896704
562770040629460992
567315026222923776
568576839426588672
593778573140082688
603540812843778048
690948074138304512
720216081930727424
721729610546511872
738146779442368512
865700439675514880
731704569419157504
732366485699276800
841643193631092736
864918987098722304
873687527738007552
883836070989578240
998318083569684480
1002649913995509760
1005963810760421376
730329623266697216
828907078679633920
889227047476609024
968341904813326336
986355910907858944
986403924900921344
990107405419704320
992281107796185088
998746905029103616
1001916496014118912
1129312807968743424
72963813045321728
462726259244265472
471367186443661312
863286490829037568
872556852133711872
873037800436609024
985972781651165184
996876317553459200
1004943299557400576
1207567640168513536
1267348563633897473
750586499095289856
875621873243824128
942605747270090752
978138366577270784
981694810987847680
999815861160488960
1001554809784197120
1248447511631237120
1268999586274361344
1269422350181339136
930181530385756160
988222634129154048
1004476290109370368
1166508791913082880
1258179212649447424
1268910556132147200
1268911281486692352
997780843449905152
999481593192480768
1004220610244956160
1046152900323614720
1131372629880328192
1231706880204603392
1258541548958666752
1261172250632011776
1265676804190904320
1267858794562453504
1268313339918819328
754520236769914880
782414560782114816
863534325721837568
998809574532694016
1002021367740620800
1097076674165915648
1133300403292061696
1260712051035086848
1261041013909094400
607853925495816192
651315757812133888
743134063212220416
901271352139620352
979498880377184256
1017504227914117120
1067719113646153728
1126601371567996928
1224947922622222336
1251951486011703296
1259733484553908224
609052878488801280
860224917298388992
919674754490077184
922670151030415360
925799899885596672
965134902964346880
984580257279684608
995225405642633216
1179527100913713152
1261766255690399744
1262498190960119808
479502270686294016
1004492859199852544
1004918838351241216
1020421461212852224
1033220091934134272
1137193556994666496
1170524114021498880
1263508060219912192
1264238921051537408
1267630616782839808
560685344858681344
720224014886334464
861770863438049280
867374887977811968
980346807018422272
988881184929226752
993018405701689344
998756242866757632
1095077767160455168
1119805498934599680
1257413025242030080
730104646336729088
863631122041511936
866802565889806336
875045870310326272
1015514715255193600
1033437936068526080
1234982171626717184
1260088535378051072
870469272722460672
997669352444944384
998677162779746304
1137044518810927104
1137568395044007936
1261715752520515584
467181053656690688
737486575419740160
755491830736654336
871091033637896192
1036061987865804800
1130024039461834752
1136057660362821632
1137240655073738752
1269068544205672448
1269098501610938368
1269157418026160128
139856820608319488
640389181444534272
755937295361769472
858077855173718016
999281937640443904
1034537985561489408
1128190178947911680
1131752183097184256
1183224981627052032
1265352525515599872
730631948950687744
866705443328770048
980336349922304000
980545616155668480
1002628609141579776
1145719194806374400
1198044299233611776
1228092877570064384
1257810312569040896
467369926768717824
729778294412644352
742613011176513536
886667123798544384
994846577816637440
995936577446674432
1090479004731121664
1138604249892524032
1258986543255658496
852628488304316416
855701739884613632
887472331181187072
1079812721048223744
1124810561121808384
1125575949044514816
1130672131681013760
1135752915308003328
1253602268087844865
1258743035647246336
868647052811390976
871303475919818752
1129235271855251456
1266912790690406401
1266915448646029312
1266917270718779392
1266925339846647808
1267964914878652416
1268000781181665280
863179629601619968
980870066654806016
984592859246448640
1203472729429254144
1258523749267816448
1258524823584256000
1258528749092093952
1258602208035880961
1269462021535977472
457296819878096896
866200914170617856
880663472764153856
1104133833823232000
1124877868489654272
1126469720967839744
1134715259329118208
736749794608943104
782429442675990528
784232984998973440
854544352993714176
868907155892420608
951309891606585344
1003778714733244416
1064385935837630464
1129662689371885568
631314496950132736
872915941783199744
876472156685565952
877004646621884416
966406795394629632
1006727842056962048
1250983850767552512
1252011753236082688
1261045965826035712
1269482015044947968
1125902699691675648
1134010100391473152
1137167861891534848
1144032520561053696
1145637465789861888
1257118261720395776
1257143360355835904
1257522003846377472
1258537164648493056
662376910134792192
734155071369117696
782342208476094464
867813430608941056
867818159401504768
869108219119910912
985208014649049088
994421446371815424
990292827609288704
1004345196563226624
1006680082578448384
1259997700682698752
1260776815752908800
650942605244317696
862456431381716992
870769324875554816
957783108181454848
991285390386487296
993582968646115328
996391714967359488
998410917782216704
1132494701698985984
1132805108343095296
1132808505884516352
1134658567476359168
1134658854664658944
1134658981529714688
1134659332353806336
1134660350013730816
1134660601357287424
1134661211897016320
1134661812508733440
1134662827635101696
1140028859283308544
1265436980401942528
649026681616703488
870787124914487296
1262174663446908928
1263548696931336192
1264635595615895552
732618593090510848
839701943755599872
850932810691764224
1003001908564443136
1123777861078384640
1131837118923501568
1132087684081557504
1132094377804910592
1260112745399857152
1260112781772853248
1260527431668748288
453500134542536704
600482288186228736
735981627817197568
785055950473150464
832067777102708736
863609707066155008
867555054520020992
738856720520155136
827319427124035584
846548694613475328
859871609337561088
995852817472634880
1059293669670457344
1127510165349060608
1133126979747786752
1133870943127973888
732706298864472064
754807682011144192
867183033831276544
868700642091397120
997365897402658816
1000783408915165184
1022592230604816384
1061298196456112128
1128438299443564544
1134215409294942208
878094664304312320
983250548377907200
1003195213684318208
1005301362189512704
1026410612001189888
1051230557897756672
1101604564282761216
1103042102016962560
1105590676441456640
1105999657831997440
1108594209633824768
860770389884792832
862070598610841600
870817767409049600
896505959470694400
986766029885857792
1000562060079517696
1011055981645725696
1121946399840563200
1128505372370759680
1135046679360745472
1135620032714719232
1135644131478634496
727773915534970880
756568166251036672
756586901942763520
756712502494162944
973653331774152704
1121709012170498048
1133279233096376320
1136272284118851584
1136710814699880448
730158311562956800
735722514742886400
738244597221834752
865877256831123456
961871690126901248
1000181823302946816
1003032968874561536
1014430019391053824
1133608343479889920
1133822155164254208
1133843601345368064
695403952363085824
729344304635551744
738571926745796608
869669016409681920
986004886770737152
1004109726340227072
1004110185926840320
1082235203935961088
1129556324846735360
1131694349621837824
496355716919980032
855210576832471040
870555781911736320
900837723257303040
988610910317060096
1002647565667569664
1107332232986947584
1133838971403993088
1133896644971905024
1134269172906639360
1134540958592466944
600573847195938816
723011794766999552
733784093321478144
733848726455631872
733858516539985920
864005839424454656
864354832096571392
865090162235924480
1001586049992204288
1047707031072862208
1123807054067499008
468701753378861056
854820068100546560
870818438514458624
1003166334773039104
1003203232140804096
1004048802745032704
1163181715683225600
1169026391221731328
1261855443475505152
1265170349918531584
1268759906521985024
337720842697842688
741517118390079488
858458967213490176
862469233215385600
997306600345878528
1111502148052840448
1134019028525301760
1137277574230528000
1206106767394615296
1250988090189680640
729829743624581120
736482581691961344
867233818380300288
871822180999168000
879126953687420928
1118705254654193664
1124904866914160640
1262985809347215360
1262988827773894656
731372125339897856
839321743523938304
1129487162841399296
694228934778261504
868634664271765504
870829236435513344
910218746340540416
994794899587280896
999390586513821696
1095806138790072320
1130973770300305408
1131401744942104576
726133121602404352
726546460434325504
861331459946954752
994012826157010944
1024796528315092992
1033519262612606976
1231846419720060928
1258488373178281984
784856903388901376
784858495555080192
784859241742790656
784861203213172736
916395712957693952
940772720000704512
1123776306069610496
1123776855288487936
1124965223301087232
675180852463865856
784862453300350976
851190435945775104
1158085125838766080
1158085396731998208
823601838304669696
879830766480703488
972576336969560064
986727247753142272
987842633248612352
987878169103364096
988341162832470016
1257749240600342528
474249987648122880
577224402194702336
957162175942971392
997110440771612672
1256840453261639680
1257789051998568448
425860343508500480
864966365067489280
870498946697678848
886380308470218752
994188950493339648
995061330488942592
1003502552375185408
1006771495626706944
1009146889192816640
1134636233893851136
1207389125024436224
447688233157914624
605857014551244800
862919837079437312
864434391575855104
864599370430046208
864660065628631040
1001970029694418944
1002006301951578112
1002658775683223552
710622148103835648
861718374835662848
1127638705092702208
1127643298103033856
1127995340231155712
1129055584474591232
1129236082048045056
1130194702642327552
1130315983044009984
1130961380200468480
1132782270047244288
650453513922494464
996855956090798080
1035652800514097152
1117509819100942336
1117510203160752128
1130226793140654080
471454328100483072
628734393988665344
732356969045843968
740324622691676160
751969682222923776
779954923801677824
779955249367691264
780056962376314880
780139685635846144
783893270626643968
813267669863251968
856878095091744768
865419892202012672
865423672758890496
996469526457921536
1044708366310305792
1131000777629261824
1131799757640343552
1134287572320104448
482353073117720576
719032649443807232
734961664553799680
852583442116915200
865399593658101760
872271436792930304
1093659673070268416
1094341903610511360
1133068791187013632
1133562072668762112
1133571006922178560
1133838799680909312
1133842564597268480
1133892790645239808
1133970761347260416
472166934041849856
594315988921544704
594368643035353088
594445004911468544
594708361782546432
594749019931066368
601945507337670656
886444449176334336
1125294155300843520
1128491230221959168
1135745308438327296
756369579634180096
864234645372444672
994093607919345664
995090150554226688
1132116248260739072
1251611930745913344
1266190012249026560
1145148057168846848
