1000233800519020544
465044023610961920
868325085168214016
862602008744546304
868368940533997568
1258916443764822016
937587400912576512
804802909521952768
71982796323045376
1245640769876803584
1053144980711223296
1133948955261411328
1269544157857198080
870539037411315712
650211777782603776
472573695127187456
1130730518959505408
868368159827210240
1258926921912164352
1133643714779533312
999123427791454208
735357092235489280
1266896798266441728
1134689012302032896
606517487458131968
1125103558703030272
1269017898261684224
870518962599952384
608812292909367296
1145006415736700928
873055283553931264
1261180111558807552
1134026621939281920
866578876938174464
1266912726127493120
999106416394870784
1124280881339858944
1004210950167232512
653073927102382080
1135437489654644736
994346213665296384
596972176935010304
733311647040544768
592553346129248256
999174968917258240
571885294823559168
1130149750226968576
534151496635285504
865836191453405184
1133573192574070784
998490027594153984
712732192899424256
719392276652032000
335002769465290752
1093308722232811520
995418705532121088
865845855603769344
733179471754031104
1267573440907333632
525323593565757440
1135249282795241472
995039587493838848
1002110581911969792
994294104764846080
998355132364447744
1132196953657520128
714838813721059328
918616197279723520
601268950277365760
1258228349457682433
649727245669183488
969407235002515456
863682990860013568
1265061639699320832
1132546677006536704
546801757149016064
547515450009686016
1131395401745158144
1132540696012914688
594656773286187008
739995369278230528
1268361204829540352
870518851069210624
1136735650608353280
993363463617486848
1266213925779668992
1028580661420474368
207744802412822528
998111237558956032
327638026685526016
1260061894358618112
738333047254052864
578462966396006400
468127110754463744
542258392994828288
1137488449688293376
996964727366492160
618989168156172288
713264647096053760
1132417596982321152
1134286251341291520
581312999705325568
733365452977348608
998104632918450176
728326930369241088
731967934628515840
725059012969750528
728449752911474688
861495235543404544
561321384824619008
873049628122234880
1135375868823687168
1268517834854502400
990848546863681536
596533574128156672
752309548676698112
871647871458557952
1278912178379825152
865987903648587776
585304721942687744
729858967232163840
592793916193955840
862547823072280576
1252133286356979712
594324242808504320
455246303522189312
995882797531283456
1130955632674353152
692246490285973504
1268358439168376832
584047518472511488
732786654133223424
672939061631074304
700219616936435712
841586586171875328
1263038633955311616
733916874756231168
1259587171522715648
870473037722644480
470487204402032640
1002483941791657984
997624032222617600
600800233898713088
869668187682275328
1018433141222068224
1263667853182119936
1046132371449331712
1137212560245350400
865455154403647488
861046847026888704
1253941922762854400
458818511121149952
1137255574728675328
1124843404317413376
636756563713024000
995928844102184960
1119284332134301696
1123770414905327616
923685580553240576
546803302498336768
1004194295395487744
738496550422102016
863982111177195520
1000529868829904896
733564410739732480
710637825107775488
861841574680723456
517433902418669568
706889167254134784
589684387247853568
594646838586429440
994314510917853184
849862154180984832
338415240817438720
871643370987118592
1254343096687153152
857117345838120960
309185766297174016
1002147591984881664
864929881908187136
721919987173900288
676603752412692480
337710573607211008
457950900388884480
1132792115739660288
604416003656445952
1137314942790574080
887562471832039424
862914819207090176
1266209394664689665
459888866929668096
729055943773548544
871645197182918656
1096515371697274880
646538785403969536
1261416096641064960
995195515480363008
872573819603316736
1266654485854302208
745354096953135104
863153955440562176
665989176650452992
1134333447801069568
1266150011322769408
1000448975037693952
734202059762585600
760606015384424448
998964761058443264
812394466949308416
407556268346052608
734299388792410112
549432792551821312
1132832562059173888
1129505171559645184
872584204830089216
1259249588045361152
1006298125536952320
1136732731578318848
181617411026731008
861059539426996224
727460610937307136
1132782206381969408
1262905306380247040
730572565457797120
837884016878268416
76412554435772416
1256677815890223104
1001186256597995520
737840916903141376
1136397098540556288
863634610733613056
1265463189307396096
1135779828126560256
739599310223753216
736421090066337792
1137301076451012608
604408486066995200
1004838382117236736
651292755221368832
577210918232965120
1000201406474694656
786332531309019136
868343929010065408
1268310074934173696
1263281006245330944
1266466251211800576
746123553388253184
1136470756684726272
608966250667782144
1266294308466593792
729912152651071488
1002356512787881984
1256904960231079936
700569105777926144
1000131494976786432
1225127590918897664
1257855129801994240
300846204953059328
592426096352346112
1269166616747200512
854824496413159424
1161168723504623616
736716405528993792
852322876597088256
546886712464379904
872601331985252352
1261107497112969216
992240710650753024
568187025169047552
1003438470439735296
890766765368623104
867223129368494080
888184378763730944
1050844316232540160
720779907294126080
578482796171931648
863329068332990464
609274088250224640
991879693408280576
987869112850317312
997232828418949120
1136439858840678400
989776578773061632
1004213596915609600
990444318492073984
1133657659716136960
731320663041777664
461295421063426048
849804562066972672
704417133223825408
730173656981942272
721194183573970944
1054555173915324416
858217401584570368
554123776215552000
1267338927505690624
406923446195380224
1136430229109084160
1127459163354849280
862167594378055680
771036945156579328
893717263100862464
1095909740372144128
1107696717543153664
669793810972229632
547926914599976960
737043582845915136
1128521107608334336
1134932272974716928
1124905905889419264
1004570308528967680
604821594581315584
873019158332350464
991380685854171136
932034275577348096
724055487196237824
1124917090705666048
1000834478710865920
871614749656408064
1134026530075766784
595434827163959296
870473875274854400
214185400300732416
624309199177904128
861060783121997824
999542357211140096
731416798624342016
575898011259379712
1001186534692851712
1133308677659860992
754958249123500032
859878554958172160
471375141524205568
725260681590411264
675856084065411072
1137414375750488064
1257310936369217536
997639846485192704
1136750758667530240
731231963326832640
999244156444749824
318646084731674624
734169148103499776
1266990104585445376
1136760470897254400
993343332459802624
1266153080173371392
663256689071435776
862856705652936704
1000250313376419840
865413572434509824
1120536901158535168
471035866517598208
994602217678159872
1257568661200195584
997598661645221888
720778104460623872
655244385507713024
730966603172306944
857139464064049152
707780842457473024
1137467763422797824
562834068759969792
724471201589710848
1125977731201605632
570858391047159808
1269002481824694272
735955867702329344
608903722407383040
1124855138725892096
738104704915148800
729840143418155008
433354202027126784
467846908950343680
1259637361248047104
714218378708987904
859985728925437952
1253934737462923264
465286747584983040
407723092186517504
1004209387491160064
1136835118875787264
859445637496819712
684499363602460672
1000611758802862080
740601311288053760
724167442837889024
987176984868392960
715445977254813696
1123695775675985920
1132814579626737664
599114465681653760
1136878122328346624
1268702095196831744
1121504482413711360
1101350428228317184
1258910721899515904
1256049842661117952
608908900141432832
1130327389235560448
871644256845127680
998874429457371136
979196933682057216
979948508755152896
862548097887211520
979818258276712448
574050110581497856
500355291569713152
877463331978530816
1132031983485337600
407428982024196096
1001703046012964864
1261390525743759360
993740087315779584
735649390181629952
987142615042748416
1137190283499929600
740515478660935680
675767698109558784
1131679696045056000
1262524855568322560
342040643784294400
595122408722055168
669697339799195648
881239740018622464
1267626308603478016
704383707175297024
860318098136363008
803077217163816960
593595797346500608
996907204257124352
1261412595202527232
1268755509905735680
727976371283943424
1161593091116236800
854212376696856576
320805743370452992
541095217120108544
738266209010790400
466396926464487424
596761716331692032
652668390342754304
1123676987563892736
1253489400675840000
998798527935442944
1134846790144212992
633412352125022208
1261510202134384640
992833251062431744
985717806652043264
735309086471618560
1261111638786838528
564916309293944832
738200905526214656
731727815896072192
871644368342302720
871643654652088320
995036655339769856
1132832804720644096
706880597548666880
609436291586678784
729224814677618688
595797404242997248
1127333281478918144
865119402155180032
450293660785831936
1129265345077940224
571107981839122432
1136924623712432128
986879008090456064
917102110729175040
440748459297861632
434181502222200832
739346066792681472
999506524970053632
998845046139039744
438917064355213312
1126016738157592576
421092698779295744
1134954188368166912
730907053803077632
847706649912291328
1127741118256369664
828824438094004224
1004202527006523392
996933958837268480
740601451520401408
604131225539518464
1266999582089281536
465319923309080576
1023358259287162880
993298237480042496
883895196482834432
730593878738096128
635949314509717504
617849943868133376
877582904103022592
734363649216532480
419187673345826816
731006141596860416
1133194666024816640
1252722964122583040
862523613826404352
594632948205019136
601290502918172672
732105306804461568
721267249905766400
1134918130444300288
1003370762494959616
735515549135667200
731407100995072000
872209504996139008
998491342177193984
546515569103855616
599681188151472128
854094171982647296
1253466101430370304
916839421121564672
1001984916504014848
868555669064802304
732128574173196288
740281488515411968
738264545314885632
996894607218679808
1135694539630731264
447803577914617856
1004216160205774848
1259001335383076864
983238366613323776
1261544436454653952
462439437062631424
1004151384456966144
735948945443954688
729910970578743296
865811277145051136
1132788043058040832
460634596724174848
739954285051326464
1261446065056403456
465715585771106304
546809231935614976
1131007452448886784
993219418001825792
567900536863956992
597156870838341632
862544452760227840
464323294800113664
1136483745328246784
1001970040968671232
1268760459767451648
1137470288502947840
1133484260217749504
1104004089370804224
880839159689080832
847934202535079936
728160950477234176
605199984979152896
555524435402321920
960708479214215168
458455019826442240
863143485476278272
580303235349254144
980350714935332864
578434443170074624
1137437470271934464
1002668797582475264
738248673594609664
854084412193734656
919830729629003776
423937177819303936
653990252507111424
1136933359596216320
863303629858291712
996914979682955264
1257932407651180544
1269167269057933312
1133897355419541504
727265292782239744
609235839767085056
865961492414066688
1070758755706429440
698802337279442944
886431501355683840
1132181733979447296
730580587726905344
834486425532596224
608898984391577600
438020276362407936
1261123367008743424
589664146870542336
618991741768536064
1268733499913805824
652618422525460480
1000834119015677952
1268387499055517696
1128523697771438080
718921507786526720
715453230527614976
608387638751199232
594920916748652544
995047038335172608
730839885161824256
704680681384513536
731970644425682944
1133622924214177792
716492309939707904
655190005475540992
987852786433912832
1266245466224328704
993645597263560704
548345342238334976
866484464757395456
730630807953211392
865722453383622656
733760957033103360
1132868180634034176
1004519612349841408
995406148067020800
1050937209995575296
1255370147141537792
730625141138157568
737274413392814080
1263299263798980608
1002738266409431040
1249855564775694337
578937065052344320
869450059958341632
868358877324935168
467419228819943424
431679419904442368
1005290488729370624
1281076977985421312
600379810983772160
1262527459375448064
239221486445916160
869603547526893568
1136952369675284480
730583247129526272
1269002740269318144
1119759774888947712
1261420464840900608
871642769863675904
1004280287737556992
1258898574041677824
1256839399556009984
672924650048684032
577720093664907264
595112305079939072
589638449993129984
1129267117976678400
945639137669898240
1001632744641761280
850471016747606016
1003420317710143488
641911531382091776
730571162031071232
1145159107420348416
854063824553218048
1261562442069069824
734276205234282496
737532168192073728
633470687872389120
702680863095193600
712510983813304320
872561364323983360
606298961589911552
1250879385406279680
702597900005380096
1198680536667668480
837049132312006656
1004117797082886144
858059769787842560
1002307385379115008
1261072565590294528
706883371619393536
1135658061097594880
1260411845190098944
866934332806307840
740977012986023936
1002282374278934528
739374411345510400
994755852160733184
1126653743291813888
860361599599362048
626907721635041280
872206925704716288
579103253627703296
595048964877774848
886343761696026624
1266153297094393856
1268360992287358976
730947920588857344
627213920259608576
729863141760045056
850314183177252864
715454475703246848
469070543543332864
682094546640801792
687116760033333248
860912085394112512
1003551200505102336
470734184650895360
683002247243706368
704622850522300416
730632472416624640
590112107823927296
1263389471190032384
467218654899990528
1124780241441923072
1136442295269634048
1267989439854936064
917146125767909376
737032755287851008
862807744699383808
714019219909455872
861443640197746688
729757468355321856
1136127779688964096
865722211254812672
856241564001869824
1133612683410018304
1005288875105390592
1134027080959844352
386023351337947136
545326991610109952
470990266312945664
873404150799568896
668362186258710528
327230526735810560
861342661389451264
870893231515361280
709836937241899008
998403609983471616
835787532162686976
1134025986892455936
809267213344276480
466238139241852928
700887789679517696
862957638852419584
1000200259743674368
856051698647568384
1131367550102880256
1266849875148939264
1130726551235993600
1140759240517271552
1116896553760813056
555107383039307776
724058094077857792
866480014181388288
992497358418059264
1134922188240654336
999757316230537216
732990823393800192
1259278771865796608
196757784115548160
594025815377756160
605224440917225472
97172365142016000
866166045092741120
733366925811412992
728075577852018688
1269007000683941888
712227777595654144
1004536044567584768
678407308568518656
1259278985070645248
441720648302063616
837910997871210496
865713846327881728
872207614166097920
1002642130013171712
991887755749699584
857686687885676544
852253911317348352
330555449705242624
1124346386356576256
1133914963191533568
1259709118176821248
1134735672411033600
861041915687219200
917516762542018560
857034087809003520
1265883794720698368
872898425748910080
424330585620631552
598744522930855936
1120283743878578176
475150832879267840
994965005378334720
1134948371380207616
914087113858252800
1135058433499099136
867959109503352832
596095476885942272
999198899401396224
578952558937149440
996991581875961856
601781645556649984
861089361775693824
1127364494956609536
1124867310218584064
672080801399132160
981251336073228288
871644575306006528
1130259026761187328
985953965240115200
734985500930195456
737048018666328064
871644417642131456
1002721471329902592
872894714825883648
1003544989969833984
739504142019633152
1269165812506169344
672621859086364672
704730621225795584
860035341522931712
588165697998196736
720782963960279040
865337576406507520
847952929053843456
870932522547187712
1125928187743002624
730634400550739968
1262117381690363904
674095731405053952
712298555787812864
860680796095254528
865121498946469888
851539648332292096
1000230426167857152
843368849276502016
1099921052865507328
1262867126473990144
998358533160628224
1136441290243457024
1133357935402397696
855923229565521920
1261175491839131648
646925364999905280
606509224926715904
1088916972391182336
1133499900525760512
474999783296069632
869496444061671424
1133537957605957632
857077618502119424
856423918783815680
1226070095910948864
998297022266404864
998096884612886528
723821625203601408
473657159184281600
1134684745209724928
1133609332903571456
454499983765270528
733797652784877568
467388516498665472
1263267069198073856
1269908546967851008
604415883040866304
896498434180415488
1004210929740951552
1261423702046670848
713586606832959488
546596064647262208
720707862950649856
1261770454041890816
560472282086309888
870335724065579008
866393143120175104
998033613319045120
1256700706899894273
873405159290687488
996891162155745280
873590507476033536
676859835177852928
1134455534528118784
873610507016421376
741703589071839232
735593151947010048
700567510109483008
1134026701664804864
1135380974533062656
730520082651934720
1003746628966150144
989714023698518016
467155643271213056
735352640573186048
1262986461523759105
1003095126270402560
1268363194921918464
870158653343313920
1136508438462783488
475094646926602240
735568973541851136
870234073694662656
1269093268126171136
872239455988297728
865791018149236736
1136927038335651840
860317511541968896
1261925490784997376
1130965500084953088
91660202935730176
853406109220876288
729876061801779200
1132427380611674112
1258986184374239232
1269912441228103680
653734163228221440
784153707473399808
732127403039629312
986453746299265024
1268342285532155904
741070786147880960
759907244740579328
738176884420075520
1269911211961499648
994310010693906432
1133124448107835392
1267933202945679360
1268364745803583488
873479282654089216
464547559235383296
1136877201578061824
716053183813738496
1135353835045703680
989317583776092160
1260063395063799808
310469736028721152
737049550904266752
1251056807305031680
456896922888695808
865801866917830656
734615452298432512
1286555826105880576
868536727617335296
868364719415808000
1263363798622806016
872737896833146880
981987194913001472
652545221573320704
1097639907599708160
1094389962524499968
866833202080251904
713990798458298368
605149967627153408
834879155958034432
1002658873913757696
869875076026290176
1266089038868119552
1261422610604883968
731300373385564160
547550938370547712
839698644113395712
676135997464973312
1266150525091446784
704383419903184896
849860733184352256
1136915266354454528
653040735477637120
849138181763899392
734572688416366592
865800266895761408
731344151915937792
732134539928928256
737212824002142208
1008813293370183680
108375992393154560
859566035047649280
728251400022257664
1134039252821565440
886705837480239104
720778438998335488
651839237938839552
1134934518747734016
1269913018347552768
1002404721744908288
1266148489524416512
851200456414822400
715696049766891520
996981812331065344
869064259068387328
998513770576048128
961448059806814208
1265072134980386816
873395133998125056
1135718397318410240
829753725378789376
558479399439282176
727963280009678848
847259878996156416
1004210783770767360
733570581089398784
730887179928215552
745063311791476736
1004140247904579584
1267041167229341696
180456199144488960
706744107481001984
1129952231807299584
1263554341206245376
1004856639637323776
1133614232332873728
736318603950931968
583157452292280320
1266420788714553344
572875701504598016
861082884423954432
862520978977218560
871647059957223424
733042536947507200
868194639998541824
1132441279062896640
864937050162450432
859108127155544064
652408597631827968
849845500374003712
1130903766485639168
784905565649408000
866062328389574656
918771200472604672
1136029251272478720
1268359787347714048
766885780806336512
721125575367958528
984939453607190528
858803630504005632
771989871895158784
1266858231624384512
870052041307893760
1120903933133762560
1223778867009835008
731034932725534720
1124780129638580224
994662281067769856
1002015534247972864
673226279524306944
861490624875044864
739955622321278976
965044382896381952
862081769531346944
688978645007560704
1108532656045654016
720799586167373824
546802599168126976
964241792537292800
863892521535807488
594413960657166336
646740195709906944
861113723811655680
753875011512737792
865109477563707392
1124187694579486720
604043861966258176
994796837687074816
994312197482373120
864229481735426048
603426861199986688
1125217554055802880
1130661810383872000
864225284717711360
1115175820676399104
1268363927306125312
861119155485650944
1135317215718379520
1263312657587388416
1286570246177570816
1261894881974964225
461315300147589120
864953643365978112
67006924600000512
918306618163437568
1262168646365487104
1266597412852486144
472431085326692352
1123433560733618176
569216217089949696
565011010649468928
558519613869068288
781444134660620288
596103272142524416
728172304315555840
679512762761678848
807100544022863872
1133873027302883328
576595512333991936
991543172318728192
1124589548442324992
1269908518899560448
885996524021317632
866357179895140352
986817630734487552
464184313127104512
715105935617499136
1261147085663641601
1136102691622940672
595411298997567488
872372534807617536
1261198881077596160
991131349618618368
1134026556625727488
1124571037112381440
650769999891345408
1129952325218656256
1268360820329299968
200676308844281856
547572847432536064
733442324759171072
726577090505281536
854917621353656320
833011911145676800
710299729539432448
842976897452318720
466774450642087936
1269912530386419712
740791504632758272
866006647343063040
1258926150202171392
729913170805776384
607080788760023040
729256053904093184
463432474286878720
678689408479760384
861128926506913792
1136736795170910208
1003161653644447744
873793379468021760
573256986432765952
1266988552915267584
1119486177083576320
575929500806803456
1263602880124817408
1258730098694029312
1130363957191000064
871494312830087168
848446093426524160
406955894081847296
861144092506189824
704505285464625152
1130692886187622400
871121558398373888
862899774129561600
332358795873243136
985772200475115520
987841884364025856
998378524631359488
847942365514674176
730597012013207552
1000959667406790656
676300850792034304
700449857168580608
651672004658929664
962176227853279232
729473678009597952
1136869800367763456
845698992422633472
610899917254406144
756627162714546176
598019305497489408
569327709305921536
546804828910465024
469913559560613888
1257142454818185216
607650162755563520
415872591333445632
861364108480606208
468126840741949440
732786851554893824
428330181405446144
872695546639491072
401908668712398848
993631619128803328
1003523897980973056
868867253314183168
873053557732118528
470698785173925888
1022381250197450752
1256821477399859200
995515566993588224
1096528944372744192
718295836135620608
609197778266054656
1129215680961798144
727219136073105408
606627338284777472
602330306766254080
1135812561347559424
703358584167149568
998338569695498240
1150229624006483968
1086547889343610880
1062798004563943424
999129936466268160
1130696972920434688
1132020627608780800
1251427963442843648
862153972381757440
866109537361485824
1255991833339645952
866485299621036032
998840784793358336
738199980837335040
455891582550274048
733162117733146624
864889107925561344
746147917554982912
873425905731678208
720804293690605568
1134026757117657088
735000455289147392
1263171627051405312
1268999823852322816
1004521187688427520
864667882401939456
1004211071160295424
738811681341374464
567791410742038528
1257087318842429440
683519371905167360
1261222780192428032
1134640699535917056
1268626616716640256
942996233545666560
1136734792013275136
994294172607680512
1131045729168023552
1267972333318979584
977694531636314112
1004864099999690752
832500219366215680
728460084014886912
578442606816563200
1105205818670063616
740601556390559744
860576607302184960
1268726959882371072
947415115706580992
868567809423228928
1136808520780759040
985698521443540992
1000860977354637312
1023023118656380928
1268400970333696001
1001996448889700352
724379888206811136
974484553207169024
1136734748560236544
468240413950472192
1256406831782187008
998848172338352128
1002029528627171328
1125150903545200640
605815588668932096
704384953374273536
472507734877532160
992900479950663680
732330887802417152
437202389871620096
459800177859883008
720846311003340800
764467762327347200
740964156110467072
861481444369870848
547573696090148864
465335885836054528
1134932553749913600
1269062214296289280
1266269358758297600
1121971448865816576
991825284250894336
578340290864128000
607405067796021248
577707943579914240
870469875712344064
732850570771140608
655518634944327680
1136504482998702080
871910425430798336
1147943385202905088
726242202958757888
876569254588301312
594354888184487936
647186802024751104
571887211869155328
1131668729294757888
1137958413869191168
729527153032540160
734498000281395200
647184818198659072
1134029098269089792
1198787468019638272
870405502855745536
973999653987344384
1267733738373001216
1251973705957920768
1119881177126580224
720715538220789760
1132083385922498560
659486843556929536
1004538566636032000
1133895388936712192
872921992356139008
597640790969217024
981096738402492416
432629744085778432
603691577310769152
731365188737032192
871642865846132736
1119925616989569024
999735300840591360
731403884144214016
730574277081976832
600031903025786880
871148697776500736
55855201231716352
982131074543239168
968639227976081408
1004521414168285184
1007685905118814208
707809896912990208
604049111867523072
578083600990253056
721581510095888384
731420545412890624
1001636760817913856
1004602668469313536
860394924296777728
866516601355231232
727743578662580224
872393963334782976
406968338384764928
735715266620698624
700899384702894080
637000920940503040
1132806931665559552
591709391099576320
1266599268878131200
599398754927312896
996873773229899776
865658753087868928
1126088329642074112
960963250340904960
1137418521778147328
1262880226161983488
819993526262685696
1265912744301830144
408353335737847808
1251348235478384640
1149406729781063680
1090025539840135168
996880157124136960
1131010028955303936
1128872218383065088
995026361871888384
734921895744491520
1133647647149223936
825149978287636480
721477818608865280
1269915569595879424
998371265469669376
861124707653640192
705852467761459200
208811035119853568
607353786318520320
1124904004556926976
683006747392143360
1256127298239729664
461671707271229440
1002686449566769152
730620305680248832
1263734377473384448
858895880143650816
933936972421242880
1000258236827660288
594026542464548864
91936819671089152
724492999391784960
695139154610163712
837083180195479552
474391631668178944
1125250887334707200
700513351725285376
868359688125882368
861116468148940800
594631079684530176
827596356972552192
740949671350050816
1124053699631894528
609908581286035456
703357752226975744
740801648808620032
867864581446512640
871511237488476160
1136826898895540224
1136456071268311040
726180105654747136
865786572937744384
79329811818233856
1261391991460081664
836336140037500928
738080634135875584
716492952108609536
737173278417911808
735576402916667392
739548602396995584
1261447499546107905
825908869732622336
1022929906573295616
738231319288545280
1002067768885202944
862545222746394624
464842790245756928
342000022067531776
510563138112540672
1262143467383951360
468878970142584832
721854020511133696
992262281008340992
868969704272896000
997235261580865536
729850016704888832
865415004097257472
576932166252924928
1262090918865932288
1134026573335785472
728884723652395008
1004790833452830720
1022292373017100288
605461964457570304
1125241629058670592
1266798537455190016
1132132806265573376
731637101136850944
871641128053743616
736730694096654336
1262895419378110464
997745209494634496
755640247106371584
847715499243565056
729282543207165952
870062761395261440
862909381275152384
873403902932983808
859196292176420864
1132014113716121600
1269156311308713984
737453817246916608
871276623834566656
715819377227788288
1263243126022082560
1110059664760217600
546891267080065024
878120621236924416
1127702601459556352
1131993715570196480
873436478984884224
995156980887015424
1127709080639983616
1266154982025994240
1136928851071963136
688027986930253824
592988594558255104
484746387607515136
863626853599027200
731173479382151168
738902335924887552
918397071689064448
1262876575020351488
987063087515660288
857511719667339264
741721257745227776
1259224854754762752
709511568378912768
855122167451467776
476494372532121600
861393964954165248
568597852838330368
862806190965563392
1146614103340187648
1256358719621431296
702674210056634368
1134026686732840960
593294846769283072
1255938644980551680
