1265771224663867392
1124346611037093888
1131397986078232576
1133227537326407680
1127678535755251712
1257116934634225664
1124836572403879936
1257418180960206848
1253099216931135488
708168021339877376
715782331499081728
988871020784283648
1256150511132868608
1004520080383782912
1261388749187600384
1132768762123444224
1252781532532183040
861144848714018816
871641251001376768
704602005703843840
1133469295213764608
1250286925227503616
1261529817132584960
1255265259636129792
706753130716545024
1104885114577862656
1120046133557940224
1130404151332028416
1266591517707878401
660234675805040640
1123371418009350144
1149924858952949760
1257118402078572544
1256727665776271360
1004209699467710464
1255243340559958016
992212577314447360
740974426895613952
849733445553852416
976020391023951872
1255243951435173888
730596417168625664
1255610839369527296
1268997069494820864
1262144883481653248
1124850446087761920
1080548715099680768
1000802981700837376
1255243671737999360
1124848837148573696
1262147411204124672
1212821852204838912
1131324890742673408
1258206403135275008
1252873120029609984
1134363478183092224
1257102522036801536
993294093461594112
856720647781462016
1268775797951315968
849460812434255872
1129520866276032512
1269164058465030145
1124847907996987392
1262812964117827584
1123407754758115328
1257087261132992512
730600617042632704
1128517294042267648
1257433615558520832
868557740421828608
993207609584943104
1257418379120091136
1257479181797699584
1133142182963216384
1124824029929177088
860923021991464960
650917546056314880
1048231124444561408
1129551557462179840
1257418227340820480
1257115978139959296
916522631808122880
868881380048826368
1001707358009016320
994311198801772544
702674376406929408
849817160053305344
1254471519191437312
992182853645176832
724754160758620160
870774857095487488
1258669370553405440
1255928145991708672
868358244811358208
985383938002620416
1254634299139821568
1268339426304471040
999129156346626048
740946987532349440
1122483799234805760
737042193277165568
1257104145156952065
1124839208817557504
1124847329485000704
989344747699372032
990013482403799040
1261106981209387008
863900019475009536
1003023905747025920
732352913887850496
1124813655523749888
541341535181828096
1255237226258771968
1257057906289811456
1095874316673187840
1259725583785402368
1134025969850843136
861145321948971008
1257433484960468992
1263243288933044224
1133126339923513344
1264400950437625856
1119746897054486528
1257080946037895168
1257103009410719744
988867287224508416
979546454589038592
1216614518377959425
917924504905760768
1287171968415588352
988931332845649920
857876932686114816
1259245776555483136
1129140931397054464
1123476411450261504
849842789234622464
1263972342275522560
856636832115453952
1128819744808906752
1136731899252256768
1266397084467085312
999733276686327808
1132191972514701312
1133699282894295040
1255241675106684928
1262171277255262208
1261395273112887296
740573856590393344
992218575676682240
1133645470196269056
1002246137606262784
1268329871252140033
998345815288614912
1252433461143146496
1248089901119848448
1258880721020276737
1134297981445943296
863909779800764416
979190595707060224
862067685159198720
1002791523194445824
1003970872832581632
1265162681711607808
1108110114281603072
866825497454215168
1257119107719892992
1136922843985375232
867880041508392960
1257117712044261376
738200629725581312
1004811911537451008
861452252341202944
871582560067719168
1256122865929953280
865785203883364352
1149580234455404544
1268436594411438080
1134621510777991168
993004671633522688
1132370150218543104
986524010122899456
1286552295823122432
1255241107462160384
1257479920980865024
870531626378125312
1256822747032473600
992244012901888000
713860568473239552
1137278309856874496
1268352711368130561
1091555552951390208
992632946597171200
1255264791228850177
1131726612401172480
708174570108039168
1258911651030122496
781954924417265664
996866242923257856
992216130871418880
1121499553548685312
1253931739986808832
997372312766783488
996860226785587200
1256861092714385408
1000429057625976832
1269907404217122816
1257436694127325184
1136735589400776704
863914379551371264
1124813879415701504
