442031296739274752
1136129601954533376
986762739026575360
609090789947027456
650248753839706112
735370531221671936
866864129267318784
872271573283999744
1261471164161609728
1127738165718134784
1133397270524735488
999804762080055296
837404952795144192
1135011340046827520
1132207714031005696
214393320418312192
1268352568896008192
982330300522967040
735236852222697472
867975221687267328
1136383877763203072
1260707701982240768
888913014236151808
995543434809241600
1016002200037961728
1257801121167060992
1267938395544375296
863900370315898880
863919662696656896
1004456427957616640
1004876218654625792
1002741992188702720
1255353006518444032
875607929905094656
854086832898584576
471337670522433536
996990518972223488
1264792477198450688
1257565090274619392
859974824431321088
587147809245933568
868154037357457408
1256719723479969792
599294994280398848
994974431778816000
1265123773120532480
872590323719778304
489238203211968512
643606093724987392
1258561163516465152
736701899654471680
872919225000517632
1131962688034390016
1002052240863047680
1260695747645423616
740460595488387072
1256031997273313280
698701859866636288
335216991419764736
788711783769751552
1267945956620390401
466120775590473728
870064082429104128
1135112488728682496
643880321296969728
994132918542909440
996101020109303808
76479610287964160
834454455280828416
1136792465492955136
1266612713044316161
992477633499697152
866767122028683264
996926485816553472
1000073466934415360
870907250858979328
995060111716491264
1258077478526660608
872678916517711872
739222678728245248
993246469891112960
1132095684657872896
862543806950645760
1257903442031022080
471161820736909312
1004261732484775936
999750092800212992
1149546009249333248
1134961377107570688
863102948518019072
730797047074119680
863503059207196672
863669859517591552
1130770271901855744
1048040623552671744
1127736237214801920
863486934721351680
738855304560787456
870912674698002432
1127063651086614528
1263917653202833408
1129519461754716160
1136787893172895744
754521161718820864
733527577980985344
965142809206419456
642548153261842432
1116861034058375168
1259174176279769088
741333194179293184
961502853829337088
1268352873742221313
1134313748648480768
737841645072113664
1003052316976619520
1267578774719832064
1134360847234691072
735849597909458944
995067465736450048
998772331155763200
725213600154734592
740811086013538304
1005142887790702592
610333228523433984
870408651754663936
1128041586874601472
741461087597281280
993279975220367360
853491307014918144
1268798310924177408
1136728701577773056
474263757925642240
995538651704680448
1268993069215133696
1004464796412043264
737471523014852608
861728701346353152
1134705985198895104
1045445134931857408
869025052383948800
1004921892031053824
1267189875115831296
920589387916787712
990386217478864896
831750504974483456
1122384765044281344
863844947709775872
1134246254361477120
733520061230374912
728440442936463360
1136556104319868928
870870657452462080
731709326279991296
1134737752140025856
857056989086367744
747918020923596800
998340728868712448
1269150831463124993
999101364531896320
845348268736122880
874401694342176768
1259982003437060096
1066603546763829248
737443086724141056
1129259844910985216
731307790827667456
873374608135475200
1134692997666394112
865672365923778560
1137224980053778432
732118466219319296
999865668512055296
472969456717393920
1134690491339333632
999904583214309376
1262077704094629888
731691373299912704
698702868324114432
1130704024740700160
471712698724249600
735912486745796608
1128624176249651200
989392228965572608
1003443547594444800
833924545206427648
1269147295090216960
872553796277080064
965109184372977664
864758044721029120
1264742913024212992
1045842174622961664
1267743841901883392
785304478915141632
1134811468354093056
1125170007639576576
652237278726406144
1258505572651638784
629487997099794432
1264719745660231680
1131128688340271104
1262048750973497344
1268050236803125248
862770317964267520
1260711412993380352
999581490868502528
728723930503835648
997204169419223040
995534986608619520
845339177422786560
992857905806352384
1268636739396718592
871219497200197632
574413384955219968
1263611531023618048
652008399537520640
1265472729495113728
738467754482520064
1002048249739534336
1037095973853880320
870359570810327040
861350363691872256
1265757083018469376
1131475377412616192
1134293749892558848
996857058349633536
863137302027800576
736329099378876416
1132137865296711680
862899346033741824
1004102199586160640
1268667067834310656
863106059714285568
1133964283076841472
730513001471385600
1134329173876822016
1259975626941546496
1137220852636229632
855682821593886720
474372782751215616
1258884390503587840
1116801623738773504
1001665095463768064
1134314922975711232
993163338454507520
864723492489297920
999480233000644608
1010406822542409728
1153086595952680960
729209912705531904
866872536070250496
1001562811899744256
822233922707533824
1005373784536268800
860221563344117760
696131880206041088
1226262223014334464
1136820999640674304
733534057115279360
865047975041286144
999082994189017088
870178384284782592
738482324781613056
997652185754185728
1129934809599512576
1127732305000316928
1263272722754977792
1137179402791432192
737138140590014464
1002433049574952960
1133806585463242752
1137181050255405056
368516771612975104
1269021514246660096
1137128453213569024
1266567695021658112
1266534595155726337
741434543885721600
795448231843725312
1137117593732706304
1038967622320156672
1001692803308601345
733565469277143040
1005311879247429632
862281655803564032
1129756781422428160
468551901491752960
1261485788214870016
699740424385933312
1128194498288357376
1026577988885856256
639523514415685632
867205971301318656
1136820725957926912
1262947897226301440
862794049294336000
1251079845106946048
869287806260891648
1261051705106124800
1266813505156153344
870190252160122880
1004843568357380096
996858979445723136
1000223013528252416
1001746354546294784
1004178436534956032
996905168971120640
1266194906456539136
1265729869803704320
473884245111074816
1267674393518034945
1005609463795073024
497511455633960960
1004170351166758912
1260796408697462784
865644931493007360
1000989596324368384
869707129475510272
1259331788078059520
1125215161477857280
1000481307048099840
1002008030822686720
1005630579445583872
857122651116793856
1176997339789361152
609176385914728448
1137463981129535488
1259962718547361792
639963949466521600
1137186606974169088
872704011000827904
656298106798804992
962890227805143040
1133459350120640512
736060150913343488
730217809581289472
1002657144417660928
865006410440757248
1137246010029608960
608109454688317440
987812456133152768
739955347514613760
1005499463701487616
1136404629048377344
338597279868932096
1134720093314830336
1264269570315661312
945537749480759296
1259550462378508288
986756781353340928
1007705375455428608
1266233450189312000
1003324445919895552
1137215822214479872
751980831849091072
1127336828849270784
1268983923380064256
726654812657111040
737736097303560192
1133169536972460032
1132372206379577344
868992816800522240
1125211578518843392
1268050867072815104
1133970395964534784
872580705379606528
596496789067067392
1262858718790287360
871042485093322752
601237807880540160
475127241391468544
997646076129693696
1131801928880578560
456916188790779904
785951511070339072
1133245081823182848
1127372175234818048
966378226165534720
807306349884055552
1265360463558885376
1133910167411773440
870285024157708288
1134700682172620800
342876504524509184
1134663351222693888
462065716107931648
995577322004815872
1136798362977968128
859823514784497664
651956415170179072
733550643423375360
1141146454674653184
1130988779726123008
996639959777914880
863266790640291840
1129275648318586880
870797926295969792
1265707746351656960
867185349271601152
1001690780802605056
872660960219992064
859273540162158592
480646363818749952
472838779715973120
1256695232762757120
1133605084077965312
1263358207271636992
729167558158209024
1263701767988727808
1137551371303219200
997558381273571328
1198451713384648704
1000452357336961024
1129145385798287360
1137105284880560128
1136355982524919808
734301337541545984
1269217769061097472
871547953049948160
1005177705865797632
1261874731276054528
1128510397516058624
1265016558984384512
979921142691549184
1000204290180390912
649856040308944896
990728774494859264
1259230448312127488
787451444713336832
1073449166380064768
871108491971076096
1001605163938910208
652020122487164928
860550765184397312
787542481637117952
741031149538869248
603353441477148672
623807303325409280
863280258147803136
1127425688325185536
1267254422749061120
1129464737990914048
1124891943076605952
471433686156308480
1129908829027893248
475369422777741312
863941499820326912
563132917783465984
1265776124546256896
754846823956512768
995083525353242624
1258628570540933120
1264326847936614400
1005031106753728512
1262968881840926720
1264268890028916736
871611782010183680
686843238098735104
1268814069280821248
1138550022495268864
870420954059309056
835273775577661440
995781293768052736
1265708695824633856
992671774775025664
1263361050602905600
1129247550587932672
1122654651142205440
1137224719419211776
708738191208841216
1001636675618938880
720408335840534528
1005541207180754944
736832713612492800
858808283429994496
1089321019241828352
990778071965827072
733484023359332352
1134927429757288448
1129219204554567680
1003542667000664064
643877309539106816
1133585265408352256
739540019810856960
870006159933878272
990040822684946432
738955252274962432
999750224220389376
1001662661928583168
864245162581291008
994036743215042560
1129076813759664128
857879532156342272
731257167755182080
1132902942568341504
1050192840464228352
862017048157478912
740136641066352640
1132447009782308864
1121499439765495808
862894841904881664
1127782096950448128
472225927946825728
1127379814463221760
991787761399091200
472081008884183040
1263635820783345664
1261549418637709313
864040059396046848
995902309970464768
740771641126223872
1126152633233903616
1136793221427896320
738819052335775744
1267921172377391104
1004956433143676928
1004790865967124480
971929533836316672
1136790272546971648
1002048106994741248
994111957244358656
1130380634607833088
471169136156733440
870474487265656832
873042930884042752
860569536338960384
859966314083618816
854188547152924672
1004916116264693760
79990859596447744
738139175081148416
1267748813838241792
1129456932776960000
1137383430792163328
1134361904383705088
740460226674909184
1001254719118970880
1136382008860823552
995370318455758848
998339748613689344
864749336909717504
863958470427312128
1020563298212831232
1134626816968380416
627515709718601728
1001204933783310336
1136067811572879360
734568855191560192
1265125530798141440
992497519806435328
1075903224076500992
1268730071162560512
1131021290137272320
1003412240483069952
1265127083391057920
1001923699257294848
1002290007517822976
870804680530370560
992678514316955648
1131074965836541952
464622347509297152
880560279183020032
999455052936937472
608396605661478912
1264332093232533504
1126552327692918784
738595129388118016
1132312641524948992
1133588785738219520
1136382962293272576
631633664966492160
732445860566286336
1134306545396940800
870044613480751104
601213515771994112
741457870247325696
766538034731671552
736297236018941952
998351624559005696
1261945564853960704
865659416312152064
1256064044452810752
1134992415993184256
1262975836273782784
1258900905395224576
981241283760971776
860941372075671552
1045148051088199680
756292561332744192
863648751644962816
1130872135125377024
859629806562676736
852771812038246400
1129159532774694912
647266855462989824
1004460806911754240
864880245021515776
986756700625575936
1005523128061124608
1263664454831185920
1131815939835641856
961564025484087296
1261162543368376322
857744355639812096
995184416790024192
995543041182273536
1127071459928686592
1136383690420473856
471920224942157824
1251734070358986752
880318021456261120
1000260679225495552
1259339053879267328
1001977875383300096
1128027326219939840
701564441770135552
870743901055782912
1267617964157321216
996911692615344128
1132089799634132992
736444307615174656
1132379148405702656
860632447359033344
1004918689864470528
1133451705816891392
858406879670444032
1131815900858007552
467013827506991104
1126551178822713344
866876116986630144
1134698187689693184
732069103304540160
1122933223652294656
846492167626141696
1076581731429355520
872278582406377472
739234216025485312
464391885109063680
992140049259069440
1263384735367839744
1126339535878713344
1253462894692024320
858800352277925888
998333382075416576
881609478750138368
866410507932917760
1131351214068817920
869418970913165312
590381423492378624
1266507336021704704
467029254085799936
1125887463383207936
994329417608404992
1132397879999660032
603772043548237824
986811309276635136
876266853042192384
1265708724182327296
1129166575635980288
1260789251184795648
741454586803560448
1004048735145431040
1136018342600777728
995210552886591488
1263522357763375104
1265443125728391169
952843513635401728
887561393560363008
1126668458743177216
885076133727793152
843369883369603072
1004450709544275968
993365216186433536
1258948175457169409
861410598490050560
869436306827177984
810693253203632128
998612767068184576
870880518558990336
1259064240266805248
1269072984060993536
602356298352238592
642444476656279552
1138552034561421312
986329890989350912
736251570999676928
1262978565670973440
1134622272691687424
1268376545299271680
1002005929564450816
1265122783092817921
1116486863927271424
738911703349272576
869097491763712000
857012078400102400
1269013060920557568
1128554093267611648
1004573285318840320
866111110833676288
675004682569093120
1262882057680330754
1263232571848806400
1130656910031810560
474777606093271040
1014738008408821760
1258897874616336384
1000498610976428032
462769418095554560
1130366958588968960
1129184911220420608
1134927980909883392
1265052229186891776
996499210822377472
862477278544764928
1136521916523032576
868939165159571456
1005591147139452928
1137209506267856896
986690154452566016
1137149389233033216
1137076831116689408
1264029865506516992
866873132676460544
870125775913992192
471168132300402688
1136358193669599232
1004177326118117376
999851140420263936
863913991225860096
1132390329904259072
1265441947422564352
1129515944973361152
852669026831282176
731999189407522816
1131815827314999296
978411646026633216
1258861150171308032
862897553748905984
1133167952683048960
1001677650232008704
1267713709388599296
847024016026902528
1256811008983302144
863508382013857792
730217384501157888
1259387525382819840
1004945470906609664
862897084670533632
1005353976340021248
1135393880813346816
999429629599444992
606948949189816320
1264207453399040000
656356794569928704
1004291502928924672
1127746271097380864
1131824155927883776
1140054658170437632
1257492521924165632
862757518655574016
1128771486686232576
737840107410919424
989951397141508096
1261033772980129792
1124789179507929088
1012199531616112640
967686770252931072
833763644813729792
860706133994758144
1135766476151308288
869024152173076480
1001201823291617280
1135230598588592128
999804121517527040
995320532155338752
742058509679595520
998251329074077696
759963755055562752
726642008361340928
1114427715135856640
988292981029494784
870415721220440064
1137073723015827456
872258137862955008
961414529294921728
740270919158759424
1255765563720871936
1260323227838713856
863093532758523904
730207955106000896
996151996661100544
1268817861116186624
1137484767773057024
1112803057441644544
1262838198967476225
469343005459869696
1133590785661755392
1002228944352980992
873397999693398016
992951559031943168
1183489551925788672
860705261223014400
1137186072460668928
995852284158550016
1129219396108402688
1137550671346102272
1000996429042651136
1005247626020855808
475148779117342720
1130225352552353792
864175368641298432
1001695222222381056
873048402810789888
989030352012341248
1258229224313982977
569281600884498432
874385037083189248
1134186553678512128
1002002245493284864
1129175203554181120
1004539655943008256
870149250879766528
1254500401336557568
1134951366360846336
980901644307120128
863185402213797888
1130729307913109504
1134592582140444672
738408176155844608
608453582139752448
1265471569434525696
609484790596435968
1258995405740326912
1128698159745646592
1132395302503407616
1132027616959074304
1266531874994393088
1260071681255297024
1257089836771201024
1004868852646694912
863924082524180480
865976803490152448
895778720147861504
873013588477026304
862476159647113216
1004231402931486720
735712621990412288
989335916386775040
1259431736538841088
1004555744588464128
862894203015925760
1137607880897085440
986095770162073600
1243611433485217792
474001349604798464
777013136992702464
1128576185929191424
965339779715887104
865288398011826176
1000792713604272128
1260762611104886784
865385163331375104
1254980718090539008
1260707243217653760
1001690121479012352
1142201184720191488
896135068404494336
737412590329856000
1266243032689156096
1128526789250387968
1258961726292905985
732446739642085376
1263597832783286272
471028395703005184
864694465347104768
867207069198098432
995445906612740096
1267166887762997248
743355458164989952
740728391657029632
910784655157301248
864376067530543104
1260074421549285377
1257833052151758848
1136170520552390656
866031452322705408
1122309922441486336
601179619831361536
788950512522358784
1004302359079620608
1263985112589017088
1130640773227278336
1137069639743184896
1144497875494449152
336584512622305280
983902336814739456
1263725581908840448
1128038114603241472
1133966354736119808
1268378072927711232
739848533854814208
1258858253446553600
1004845254425583616
735346393580986368
467154367162609664
1127684325987713024
1000097087444291584
1258260972846448640
547256955177320448
1269217572490850304
599848787841720320
997276574426656768
998077347289100288
1266538850646245376
1268232265071087616
865080937413722112
1261142928605061120
1134638941048938496
1267681155201642496
1001616697134059520
747336080688345088
1259008603365330944
1131766618457190400
1262881814045794304
1265900311239737345
874862641829924864
1261684522114621440
1131306611814834176
863092024138653696
1002378759888011264
1261156645757530112
737931541665259520
861725975677902848
1258484742903316480
999357942098948096
1266439862802731008
1126956277973876736
734992773727576064
333088667205636096
691010116731863040
608415645125652480
1132835502153056256
873364640518815744
607063442163048448
864656093001949184
1021124560965455872
1003034532792139776
978460248010743808
1147033654745608192
999823781285765120
601215562147745792
865024991941541888
1136402990531338240
1004580459189235712
1133255640568344576
873396732388634624
866723696386121728
862185356194365440
997725857831546880
1001926435537240064
860709827570147328
995339838041690112
1133562377716477952
872700560749572096
860531765901635584
998351179593650176
873384491882840064
1135025317539672064
1039071764292444160
860937299230380032
991866423553150976
1128545853611954176
939219663081328640
863105829363130368
987126447418449920
1129130042904260608
1257078772876726272
861387464156246016
1137241903927627776
855260303091437568
741435522341289984
860256780310138880
1128692296284905472
733535269000749056
864671426815324160
653776249205886976
1132384312629841920
824765876233424896
866136462750527488
989779549586006016
605181352265998336
870466606873239552
864738712305668096
1127424745030422528
709539833193791488
979846913904177152
1268409882189500416
1133568389974360064
851247926675111936
1126690576742690816
827287060476993536
993264336728584192
887569053483933696
1004913305049223168
871128290151456768
1016441020361424896
995435645101256704
984952826382098432
1256111214849708032
999392115639533568
725161874865360896
998267331266600960
980216419264610304
863925931713146880
1126636016028225536
856656659500617728
1001293836850675712
993202473139515392
868197266018734080
733428142747824128
741471097614147584
1004108017622712320
1132362439795908608
1262892485865132032
1266831599337476096
870468421232611328
594716103205240832
863502846174318592
1129235050870046720
864749744134701056
873006999472996352
965284527247572992
606942538984648704
992502743308808192
740264900714242048
1136153718233391104
1266137948034711552
1001243061541826560
995020935130316800
1268763306290589696
1050943741953040384
1004478864871043072
1005580863045812224
729185526413914112
999195718248288256
965092259291017216
1136309329935740928
1115734457497104384
1264737677933031424
861636689985142784
739736818072862720
597641978959695872
1129524028877742080
860740896310800384
873587490542501888
1135813554403569664
736360425981136896
725927266407796736
1260783542179201024
606233173889708032
870399169922277376
1268049420646096896
739273775685754880
1002047977743028224
1135812254756478976
1251882313470459904
1124508855217623040
1136049595072884736
338539301874712576
992830210141679616
1266623462718324736
862575017714630656
1134682640726220800
732038464819855360
462011364303433728
1131045445951840256
553459621095518208
1129884306865975296
865018286331568128
1266459183801180160
1120962149955829760
664588427068538880
605117131796832256
589716840779919360
1129511550710071296
869945466173997056
737825288578281472
1127872862603370496
863077054038573056
999793606825172992
751628648339103744
998740453992382464
1006448492690141184
898681736538628096
1266828967998926848
1130222493194829824
1004610661541916672
1262200726902276096
1135795574273564672
1260703612103835648
1134903107940478976
471004274738851840
999149769287262208
868632985417768960
1256116681248342016
858853593862737920
992667456416051200
996609003964743680
1269045682098941952
994762086045540352
1015081799229308928
998321392032493568
1252070735522844672
740387973241155584
635192338574041088
1127665953115938816
471165587804909568
1099749538996367360
996204740079927296
952631522253746176
860372841487532032
1134584593212055552
864991963563335680
991844569899749376
1137587192275177472
1140869209958846464
1131273219173933056
988896373967806464
1127168431368949760
862900160513060864
867936017766830080
738450372846383104
998737224911007744
1137088856387579904
1213598135037730816
342824370516975616
471445487631724544
1262856226601959424
781270584721063936
338539049113354240
1211171582181912576
734266044872527872
959668168685903872
996904707769585664
606245332703072256
649699432148856832
1127447280010924032
1133259809735880704
863078468932476928
1134361888911044608
606171819380133888
868367766586077184
742105647436414976
999048957730889728
1263621762856259584
863827664077709312
1154537870984687616
994992084614500352
733439243627663360
998807545936510976
605541626563096576
1266074152033337344
1258508902652182528
1123709079517569024
1269149480330993664
1269148914200616960
738442341068750848
1267931024386437120
1127779306345824256
1262099975748190208
1005261663714803712
870430702003470336
335426524264026112
1134172974380408832
732416440300310528
1266055807888277504
862551609262067712
733054324300705792
1118270800550854656
1071240071115784192
958534539750490112
1000840802521751552
1042896175076106240
992681475952709632
990112687411601408
469577167680827392
1125537733117579264
1263412042337882112
984289056223813632
856413253197238272
1129480486587453440
1005254596664811520
992513797392809984
1129574946646286336
1005586943071121408
868652134785302528
1269169477803581440
1136053625698299904
699185413671153664
1128517794338930688
1257844948271644672
1000848516320731136
1012181912498544640
864745911153188864
872240792943747072
1002988869664628736
1255794222619967488
1265337360468430848
1003148542850019328
1133988577807077376
737847432754536448
865021462099156992
1133991038395486208
604772196669288448
1135090054336000000
964274364411621376
995180657972137984
1137136592692371456
996918629910286336
1131025887887208448
471164775485665280
1105639777744846848
1264096715665854464
1134618363445010432
460261298815365120
1265573328874127360
1133961175999565824
1268353079422488576
741448745157275648
646932523447877632
698216802731266048
1131819611676266496
1012569884594688000
1253912094877683712
722863372617445376
1258082412370350080
993735016213430272
870741447085846528
863443414551736320
1137108631633358848
1004465332259524608
1256709147194294272
1149739070684409856
1268728433764995072
872901155490095104
999008686217519104
473280208472895488
1265128442517520384
1091523525741092864
1266217567794503680
862520007614128128
1128755972710739968
1005286807506219008
1180596246683693056
729174365115105280
1260792903442112512
1127771688621494272
1124887469519912960
1267941617298309120
871135892314755072
865711687389573120
1263344082088902656
1074543359307436032
999534992508260352
1130224915493437440
873705274211577856
1129540658722717696
1129253296469827584
1268272578724646912
992943634741841920
1000166934417637376
1137306229413408768
1263620100628414464
1266506474574594048
1005298229510017024
1254127745722494976
864304215323992064
992513874868617216
1266802249695244288
1116027878065451008
1135656132628074496
1001318047652601856
1001002745001795584
1128506697036820480
1267724434999869440
741442786389331968
1133223967558569984
1000890576948088832
1265819650415923200
857304030010007552
1133996088043839488
1156276792056111104
874833873442713600
986333023161417728
1129842281281978368
80729849333170176
1265151346584076288
872661097931571200
1268757538619269120
1004275846712074240
1135791183181283328
995031442444939264
490363699832287232
1190202261005529088
1004160525128826880
605983035392888832
986755558701137920
345607969284681728
1135467012874047488
788875217303937024
1075220806348701696
762038288801480704
1259628855153410048
994385634053718016
1250139581555167232
1000975747818840064
736882378198441984
997924306971598848
1266548223917432832
990341433745842176
642575722229088256
733544577386041344
728475759957618688
1133803105189027840
999826097850118144
1002047460551892992
863291935908044801
997361105552850944
990420592669073408
737886538129616896
1261410271973347328
851241080497229824
1295438549469908992
868698453029609472
1132382542193209344
728404476284772352
1137069621200392192
986522018151452672
1265124106278293504
993997011722493952
860263863667503104
1127085629193564160
718152172080041984
999245605388046336
1010394036076675072
1136522003659919360
860037711610912768
738877562205466624
869726833632026624
469194367244955648
733003705711955968
597457573091786752
1005516690517495808
1003036509991284736
809261352546828288
987232025163681792
335500946995953664
336629129015214080
874378923721568256
872236923916316672
992316339161235456
1266868166701633536
1135671532635770880
729514931786993664
865392338183299072
997148366331072512
1127443605519552512
1265464010711511040
1060686856007905280
1266244324891303936
1263333847706128384
1263651769934688256
429714751153504256
1002054255232147456
1263334696738099200
872050116373176320
991858472402677760
1266136053492744192
998781810391924736
341742380153745408
1135372363371204608
995689619326824448
998356397928554496
1002614751932887040
1007093276492951552
1007321025122373632
1007661416473567232
1129892946582691840
1131441369446359040
1133812307848691712
1134943032391970816
1012117022106337280
1121526637482319872
1121531033893056512
1131970018582917120
1134149654343655424
1134149693132603392
1134165588802203648
1134874915053645824
1134879838671720448
1134882917894770688
1134910290199572480
735645050658242560
1001853548583260160
1127292663927001088
1127294445868707840
1127314701668569088
1130618918210543616
1130624131915034624
1130626474727407616
1130941804049879040
1130946927882989568
1131443614539907072
1131773256253489152
608510018479812608
647256030220271616
735615226514366464
741959535559872512
743914720007938048
784221624273633280
868529772681142272
869125918369693696
869151011779039232
869632789052596224
870114915644526592
733874503234494464
856261125589831680
999151908252307456
999152404895567872
999152548068130816
999152639336169472
999153221639778304
999153253059301376
999153356780310528
999154165903450112
999154518271102976
1131039106357833728
732330553164046336
949419980230184960
1135692608749326336
1139972121578422272
1257534380465729536
1257542075063226368
1257546600306188288
1257862233384300544
1259018688720277504
1259026848696762368
1259028541874380800
613902545450147840
731286380470181888
731608935177531392
754704275740962816
850836192470626304
865037194186866688
865050905165291520
868256110027698176
871864230914215936
650173725290881024
855193430349950976
994067338448121856
996841699936665600
1135369259733024768
1189626169388761088
1246341121353732096
1248867446782169088
1253174739711578112
210968202157490176
335607824463699968
444212940912979968
542964005120114688
632387918706614272
843586827460902912
992158866622263296
992176005156593664
1131079313379590144
1131283200820535296
1256522266309570560
211542732361953280
863475636864458752
863576526485061632
863872436213489664
863877117807583232
863882121956159488
863982607703072768
864217541596307456
867884955085320192
1001245035444162560
1076090002632822784
1128977569732300800
473937901449637888
731999625027899392
738822330725400576
738855030274310144
739204516653740032
739289137680629760
739539707742027776
701184219493244928
710587345832869888
723772977442836480
733101466465746944
733155479617957888
733156245107802112
779145636833681408
857820631239077888
861666298126516224
997346678581608448
969864065914929152
471691042760945664
571709405443461120
736054517124190208
870788522347569152
1050468442681282560
1261406266903764992
1261867473574043648
1134558539046932480
1135676133133111296
605937956686987264
611500311860838400
611500463229087744
730838472658681856
730966422116761600
732002805866442752
733407691799658496
733408962870951936
733414915120975872
735266377404997632
867250870801334272
992326228570955776
733130438033416192
994410202965344256
994416971338907648
994757222683090944
995403032907063296
995457469759401984
996513503232024576
738614252847427584
1033981721026334720
1041080671055273984
1135052870748897280
1155705381893599232
1259964680063942656
1260993332125913088
1261068952306470912
1261488845459824640
1261780845945946112
1263566000209530880
732142347411927040
732347167586537472
735942822833840128
735943101683785728
735953171830181888
735993147741552640
992247238720057344
994387244624424960
994396683934982144
1266956439818076160
870910038544384000
873053900851343360
984221497029976064
1133909437674258432
1133910689799618560
1133911796487766016
1133929519653486592
1136187679022063616
1136190500270174208
1136371877229789184
1136385157566730240
1263626872361598976
860937353819242496
861337850254331904
1113294816768544768
1115848275858432000
737186891933351936
737345750358507520
1002812746527903744
1004843165154725888
1004846762839867392
1129236159923638272
1129538925443440640
1135775702810464256
1135790344026759168
1135802040007278592
1135804210634846208
1135965107982319616
1135985955208527872
1136041410718851072
1136116200113238016
1136117242590437376
1136465500692746240
737430999469805568
950796558436532224
957731242198286336
1136431799950884864
1136859021312696320
1136872105569783808
1137064090083807232
1137066915605786624
1137114654666608640
462390589162254336
856028859445927936
856029433415483392
856228623634522112
861405708162318336
863201448333266944
863203598148976640
863206160042434560
863285753751392256
865302552118456320
864670709870370816
866499344344412160
1253089394806505472
1253092534016544768
1258546148927352832
846934894587293696
869376435180191744
997641324574633984
1258299290816618496
1258608357615357953
1266869371850997761
1268263414434648064
1268365404086996992
738157913834766336
994039931137802240
1263647301507760128
1265163962790461440
1265169435392495616
1265387785871708160
893234394318553088
999523089753038848
1255572810730852352
1258192915310596096
1259991112471281664
1260855702562295808
1261026497808846848
1261436940821999616
1262211131888369664
1000295225258020864
1001240636290371584
832420077658820608
859230715362013184
1130575322161770496
1261171029745606656
1261444996221902848
466278377213390848
489591889234751488
599405781326028800
859673092962762752
999824557236170752
1000955896509353984
1264335869750292480
474757565691981824
605435443302973440
869717057783205888
1000240807602917376
1003000912018829312
1130025020669116416
1135244328168779776
1259966630465654784
1263955173290549248
1263959244588199936
1265787149253365760
715262762619568128
721451357751570432
729095871026843648
729103668560932864
729434885416140800
730898020811534336
730998496286588928
731209538170097664
732357428678615040
870576908251906048
1003711869627346944
1268693042974445568
1268699789009113088
1268751904930795521
1268923583925604352
1268985508155899904
1268997273006637056
1269075543614033920
1269076679062466560
1269080596466892800
738144431756165120
739332770144395264
739333135979917312
739333346211024896
739335050352627712
739509222538149888
739533408719478784
739546359232897024
740588960287502336
725859898520346624
867223672182718464
954879780720017408
997218203770097664
1127350130581147648
1259712862943719424
1259733341632999424
1265444050010382336
1268145069362270208
1004121992183828480
1258913209725759488
1259164107253231616
1259309459268698112
1259325279411634176
1259638704469725184
875933014541193216
1000591864610861056
1125434697401589760
1125456250797404160
1125544129448034304
1125924740767539200
1126564691293130752
1126565513175326720
1126565543919640576
1126605826753515520
1265809584195375104
1266155565625659392
1267580934715097088
857089115886297088
859958840354021376
1001214566073782272
1001572744175190016
1003426104427765760
599921682701934592
672530176747343872
841852871162036224
1012970712463749120
1264718283282591744
1264723214714552320
1264737541093859328
1264742360424660992
1265433206140706816
1265436407422255104
1265721318154711040
872582548767850496
1003823146966847488
1133851777272602624
1133852350172512256
1133882878678405120
1268968314353221632
1268999759880785920
1269003456484495360
863923256082706432
863928670039977984
867962382662651904
462780960681750528
464157068157251584
869008980792524800
964918811889664000
988865166861271040
1001974673694982144
1002073285493923840
598246166852857856
470684209606815744
470705797697892352
470772437001170944
470795221962059776
470838598338342912
471883492058198016
471887514680946688
728424274985070592
869400910714081280
893728780080947200
1258258760871194624
1258488372259725312
727295172731305984
830556575927238656
993021004949561344
1005527582701367296
1005538984560291840
1005539383153455104
1005545264305831936
1005545687746031616
1005546186654294016
1005546357047791616
1005549588004044800
729609543755132928
741028130076135424
1127839395723198464
1129315166883094528
1129653800647794688
733162458692304896
860613227673944064
603280330824167424
777272217967931392
869016114485719040
869701712255094784
1126335781213138944
1126515786044055552
1126898493093679104
1127319881705172992
1127821699682140160
1077970629812420608
1124922447582646272
1163947338944299008
1253571435029344256
1253866698243575808
1253888938448277504
1257547291607175168
1258224810308145152
1258226946685272064
1259253539314606080
1264634449283260416
871280030314098688
1136447314425573376
1136482295512727552
854813681450598400
861444705949454336
864193156168699904
866382223383859200
866386263698173952
866464086152609792
867117760067534848
992611491918528512
1001589441217069056
1089400619745562624
1128840570031480832
870208884349005824
728661412506918912
870009149889634304
870023304931647488
870115603195809792
870828334437818368
695123339777220608
740328295933067264
867220458683187200
1021601742879862784
1122601594119409664
1123792978805399552
1125074143935885312
1125235185055809536
1130625984220450816
1131749602849538048
1133602520519221248
474498414751510528
477336008271065088
729574516732338176
852619390447894528
872582417360306176
966438379929878528
979164203288264704
989223462520631296
989734259999002624
989794757788422144
999406877043765248
1122469989887418368
836660556608958464
314462560285892608
602201545613844480
605450647592058880
605452903099990016
872633745348472832
946291312553254912
1002101839971692544
1002251180875149312
1002284587701198848
1262236695282073600
1264751809902166016
862230503439339520
994425790114611200
1049889207461982208
1049898499418243072
1119131010534371328
1119818582260625408
1122371375278202880
1122783232426139648
1135434590338150400
463941364304834560
860703942559010816
995363226634219520
995400622432210944
995590889470885888
995944639867846656
995956469394812928
996148099938672640
996215253526528000
996459789976662016
866840845117214720
995530101393719296
1025481768641626112
548193285690687488
788829466473381888
860559997812183040
862754343961640960
862756408800727040
863110698463649792
863852391156592640
864610475508363264
867852227358904320
995717171315519488
850419077632606208
858086467388424192
858109894144962560
861444902234497024
861707245082259456
867991251843203072
867991653976338432
992136744973795328
1126676633575960576
1257910734910672896
1257962227143553024
999900650618040320
1001716056035102720
1014301672463994880
1016614395306151936
1054897743719669760
1127006258445283328
1131385880452853760
1131388925614022656
1132024728207908864
1133554833388130304
1133559169627537408
999900990063095808
1013174114309267456
996921360540655616
1096974606621040640
1132570394898296832
1132576130550099968
1132692812887101440
1132700153711955968
1133124921745530880
751625426757083136
864950090433953792
869392225853943808
871572472103911424
871573486731206656
853670317497909248
873090661904224256
874909544898289664
987464953474969600
987465662916362240
987506813694197760
987809067307421696
988898371354058752
989091132590116864
990859359414460416
990988017638617088
971931674613235712
1133593190667325440
1133611795530633216
1135576810340843520
1135630081059463168
1135685388829696000
1135707402428583936
645838525299789824
731211717522124800
731211954940653568
731270923155615744
731276819931725824
756273103298035712
870073058294157312
870086946570145792
870095063315816448
870238617052856320
870513447165722624
1003151936792752128
1038813272209965056
1059617485743321088
1122030053442818048
1262333971853746176
1263557596195856384
1264676580764954624
1264808793951174657
1264835788126826496
1265155143456784384
891487455482994688
891764576801386496
922647242241052672
997641288402919424
1124904613414674432
1125107306200469504
1126600882109452288
930587707120742400
1251706623496294400
1257541798650187776
655506924485287936
738965440428175360
985734749056528384
999840901386002432
1132115918152179712
1134606467543306240
1151366642564345856
1152058444313227264
1152059742240563200
1152822063964049408
1153063683501723648
1153194456691191808
1263570163903512576
207563053082869760
466735343991779328
590745082051735552
726268855344803840
869976882072965120
869981981180604416
870013089549066240
872658703134994432
872854044002205696
741404109403545600
865414145502216192
870072994775650304
872877076674473984
1002691057269813248
1002691075137454080
1002691367971323904
1003088956877107200
999532702225383424
1003836644375543808
1131807314668892160
1261441297470730240
1261509516218875905
1264759610368077824
1268384943348645888
737146209130676224
741201011573731328
741513558847836160
951889935999643648
995088073182527488
996179866007564288
996255151700815872
996281807807143936
996298625267433472
951750348107202560
717459130268315648
729809359588155392
732422562834944000
747126085854019584
859649739245895680
869625528984997888
1002648968007983104
1133268102814416896
1134851501433880576
1264667861532549120
1269016931575275520
1269039257725448192
477328227916836864
828737646783242240
972018504343912448
1132425403131482112
868737397821747200
868902525217222656
870155257299333120
997326304380768256
998641750249926656
348323333399580672
1002331633015533568
1002357416438145024
1002736916422291456
1002785316706701312
1004167098370723840
1004441309496639488
1004461894293364736
854709719779098624
959988345650626560
966900029782880256
993002263310409728
993286527725731840
994823765756338176
996495092938608640
996563542725767168
1000930548342136832
1259302871933911040
1260697136073281536
1263694543425900545
1003549558422499328
1016434534260363264
1118222930929872896
1121482893823434752
1133879310240522240
1133881942770040832
1133882717046882304
1133886121043218432
1133886298026151936
1133886674091614208
1134198098043084800
737114862253125632
737904449267326976
862548533667045376
862805640798695424
862823088595824640
864938688566640640
864947443635195904
864949590326149120
864960767890444288
865628752967774208
867271618488127488
964165167397257216
1003114186894905344
1005578275978149888
1005579894555815936
1005596663467126784
364947393768394752
872837954631049216
1127730267826860032
867602512818106368
720384033204305920
870426134712659968
957673084809453568
996449273539600384
996461611961409536
996498423568281600
997193856485584896
997723554621849600
998738935306227712
1133411739284099072
727554923641765888
734879300502847488
734920372700487680
739583194730557440
877980725042036736
997217430478852096
998475300205940736
998475414928605184
998484740011286528
999962496553283584
1001926891953004544
650533751679438848
650553104500076544
734876469867696128
1261207074616901632
459153297811435520
470604660932079616
470707741124456448
472429002632458240
866064857869455360
866065742385238016
866361031465754624
866361923791400960
866395024806580224
866396645007413248
868652337747644416
870765109797171200
870765543223943168
870782731032940544
886019739955204096
850757132885303296
1002323107614535680
1002980996842770432
1131271833178914816
1131291012045053952
1132425081050935296
1132425429165654016
841422385159716864
1137405122440511488
1258853630388215808
1266048005417467904
737205976687648768
870125030535761920
870429611715137536
870742964425728000
1001972018578870272
1001987781020704768
1002002938916708352
1002415706052317184
1263595146193141760
473509359788224512
1002754817116266496
1004184147734130688
1004189506976698368
609191137588097024
988974467642646528
1265518402173145088
1265521484172886016
1265524701849985024
1265526555031912448
1265529171312914432
1266594130096553985
1266621773881802752
1266626883517153281
1266635175844904960
733934430036615168
874341585058500608
987050510282756096
992896149021339648
1003508834704441344
1013155572134313984
1124055573206536192
1132529446751264768
1133514539091406848
1134168485439037440
473253329040830464
858093931978657792
998067032631480320
1127744314496421888
1128173449056329728
1130205664946696192
1134985474139078656
1135004026703081472
465000188902109184
465001144427474944
465001399244025856
472279389044731904
472587665531727872
604158649929097216
735496549941030912
735711915527041024
737411057236254720
740352897036005376
732854434102620160
737482075216752640
738798790626172928
862884288981475328
920459853380853760
998698962515369984
998769910211936256
998981985848700928
998983240847253504
989403936316518400
866922194201100288
988146313197875200
988245776528646144
1013205235185115136
1121472956208619520
1121508325662892032
1129125895924629504
1129250086019620864
472621439321632768
988249867308875776
1002065206496972800
737178385800949760
1136347113035587584
1136377150510284800
1136377337848909824
1136444573502447616
1136444601528975360
1136447360831852544
1136477387128492032
1194000971645235200
719679458965024768
861416063815004160
881628545980616704
908831313522520064
916092622593167360
916104390421954560
916191767752617984
918303365527052288
661072403354423296
869635770850402304
1132787917879062528
1132815365278638080
732337360204881920
734923731415212032
864769370067447808
864770211021230080
865033436807675904
865310837798227968
996869852239339520
997591640418078720
999902028040110080
728398448356864000
863512214940786688
866612817552347136
994313745633456128
994316489823944704
994317745929895936
994373711207731200
994375359531470848
994389074423205888
997925560133251072
1000194824701595648
656033559194198016
913289583092674560
1126259925321207808
1126370362612154368
1126413873604575232
1126689934871564288
1130861841946656768
1234190328659980288
473654972374839296
606603330105458688
742480298062766080
987205349935501312
994597688844832768
995811728485101568
995830293057609728
995981906435006464
996671644951162880
996854229857779712
998112229163692032
468154963873230848
721452749513908224
994489359753682944
994603112482594816
994609697380438016
994612041493114880
994660675966263296
994661261419859968
994676023918706688
994676311660478464
608375160185131008
1137225723820986368
1264931555470491648
1264994026927427584
1267595880081399808
1267610023647789057
1267632359230930944
1267643966493302785
1267649016955412480
604749714851700736
1004219016023580672
1004221746599305216
1004226823187791872
1053025672643440640
1053408323615236096
1116557044179415040
1116583196461817856
1119081996556324864
607627057630867456
607650399763111936
860952619055718400
873402041932943360
873439522212499456
994060515133444096
996240845705740288
1262065243140407296
1262081181352992768
1262487275380428800
595040862300327936
733183799961223168
734918802231390208
735686351923609600
784083503154323456
784256862446075904
784619947392356352
862444859850608640
864318452519809024
864333518958862336
864351479316774912
214156483779096576
321041782651518976
460853301525606400
460938708330213376
461226471730442240
461340134407663616
461341013235986432
597607810825515008
731246787314180096
867945386915028992
872187949100597248
872715589276364800
872715820214775808
872716105909784576
872716140869308416
872716704353038336
872717490998951936
872719564969078784
655504250314502144
831354641785663488
858920909950562304
870337321470443520
870432914352033792
962815170911297536
1004086749374308352
1004535124790206464
1004553005535977472
870368573439279104
1137119468234207232
1137186051954704384
1137188475708731392
710641989053386752
1067288041271762944
1266843501195173888
1269436557777977344
469222106580643840
469322289733693440
560256839035076608
863579060947922944
863992841494466560
864589125335011328
864920288998088704
871100982233325568
872872108487852032
990763353586888704
993980656843649024
993986596011663360
994767985619345408
995531076409950208
995543994870415360
996479440022671360
996485118770536448
1132911661326696448
873586474560430080
879205718950174720
893577602319998976
960332417766653952
989016437786288128
989580374688776192
1260725794586497024
1266621010069696512
1266625581793935360
1036941720413483008
1138554488800038912
1196637007623761920
1266251562620035072
1266266243636154368
1266567953239781376
617043948220821504
984653234931355648
992950763397640192
1000467237368651776
1001937280430346240
1001943919325745152
1001990009349578752
1002044516800577536
1002045012089245696
1129505053498302464
872675122912387072
1133870545398988800
618535266474496000
740466280448057344
959207388639211520
1124490841734692864
1124497029662715904
1124507666069434368
1124572455235977216
1124585751204708352
1126280878436626432
1126357864135692288
1126381885153808384
459506557705515008
475192669207785472
736091646713790464
748769922993270784
988248441534877696
988609401147772928
1123074934537814016
1123088631561867264
352240050714460160
585188842538049536
690716035812233216
691094347864702976
706978191197155328
706989861902565376
716502790448418816
717816502778130432
717822040203173888
718156938038296576
718177561250725888
1102698545888514048
999404120207347712
862907790748946432
867478514797023232
867488945070563328
867489252525658112
868211461158240256
1066495056636469248
1124923823054295040
1129230308445933568
1260752165148831744
1266870246468235264
1266870531408281601
1268022867103055872
1268029444509933568
1269356500355125248
1269362205644554240
867193704757284864
888284495890214912
964695126394060800
997967724267597824
999337014015168512
1069705176614879232
1267918523460485120
1268281010680778752
1268318917864980480
724868719024615424
730997275253407744
740011795602894848
740013991866339328
849678440369086464
857413336961249280
862510415945547776
862781162345664512
1005498013197930496
1005498309554913280
1005516856607813632
807027032134344704
808566319803920384
814560812801822720
869325677931966464
872661169733853184
872661790318878720
872675357680197632
872731218855297024
872877611133693952
732751526434553856
1002455810666078208
1134593354928484352
1136028814825611264
1138610339136585728
1257073479405010944
1257536986084823040
1261135821742804992
1158248597142724608
1266490355994337280
1266511274448011264
1267550595523284992
1267890014667149312
1267961543526469632
1267974559601008640
1267980345660162048
1268426841459269632
851614551970537472
861387548679868416
986372664031805440
995900903599329280
995966147499589632
998759762181435392
998760922158190592
1154240878593556480
1250267206575476736
1263278005271142400
1263286663988117504
1263573954677706752
1263976310535880704
1265035962472202240
1265735646417268736
544043023192051712
645904738675671040
740626993992867840
827280919760080896
865065976956366848
873301886852337664
873302313408811008
873302481621409792
973786317572141056
978005535729471488
1004145718954659840
977022270843482112
1136754283052974080
1129167241402097664
856716301949870080
858814347768614912
861016033031475200
861035841999466496
861147708168179712
861318643294769152
861379836520796160
861863496785182720
862070970054205440
893577999629619200
702725088490905600
727920508892467200
753832367847804928
753833844163092480
827009738989506560
836742664396341248
861132546686201856
861409091615043584
991926654639362048
992577784214102016
999310102672809984
1001229316644048896
470290950778777600
470379068743741440
731718238777536512
734140230814253056
862906061349318656
865020712690249728
866457158638788608
866462805673525248
866544606907609088
866560757180051456
866760611466444800
872651588437790720
1004564819929923584
1005311355894747136
1130379733700755456
1131653355002007552
1131671802217897984
1131801808634220544
1132402943929610240
1132516298065465344
752392418393055232
869786208505913344
876934194943717376
876949845158551552
899805544502915072
987086802773139456
1119283369000529920
1123839200991793152
1255658303896178688
1260036039473369088
1260819066281525248
725127734015098880
740605762400894976
853896652128391168
953840016977887232
997502795479662592
997555246719184896
997619794985742336
997956908604624896
997964415121063936
999122619729461248
999150549478068224
861170067310780416
1018263603557908480
1262476800030687232
1265447270015303681
1266065194736422912
1266079804420014080
1266099105705242624
1266108926873571328
1266109341589585920
1266110721825964032
1266211429212508160
725789171486126080
725791829785780224
975185830719352832
975261109613572096
989265501400424448
1001683129242853376
1001690866366455808
1001695180971483136
1002444862219857920
1123400383046590464
1124061490866270208
1133231944638062592
1234961398367264768
1264009448943267840
1264011426226257920
1264215675954548736
1264226802537086976
1268601423050854400
1268605282519363584
1268655778877677568
1122365932849991680
1123074518194429952
1123091870353092608
1123323318385471488
1123494418314629120
1123646746053267456
1123825770331320320
1126721503879340032
1154573677153906688
1136868827763363840
1136870200114487296
1137053631813021696
1259960430118326272
1259970688161173504
1261478684259270656
1262237541390614528
1262881295378165760
464216964613533696
576531056048513024
728814137035083776
1268092453970255872
1268093619781246976
1268094217251459072
1268094522684866560
1268115346460508160
1268118683582996480
1268376554279280640
545379877031731200
733288884833775616
997247290886737920
998308977773506560
1040203076877254656
1125471976845430784
1132398877384019968
1132403080789815296
1135768210625830912
1136455434648903680
1268730313924694016
600465837685530624
1132137537646084096
1132330403869769728
1132761025440399360
1132812164298960896
1133804875785224192
1133835957138243584
1134193538541297664
1136793674597376000
1136797032964108288
1136908269156614144
728056064548958208
1001962987885842432
1002776728386863104
1107417083517743104
1133491208103321600
1133575207492558848
1262972272302379008
1265716534391623680
1265729655470571520
471183011518345216
858098592668352512
978887087128641536
995145057407692800
996884371212697600
998321922125430784
998742262463029248
1001712539119460352
1133205081429561344
1133205504538333184
1133255355984834560
737745060954861568
829248310735933440
988517284933148672
992592910363230208
992646502860259328
992702784967401472
992831548263137280
992927304001048576
993052810671341568
993951003634442240
994774903809253376
996948478716628992
1034532928707059712
1132743250458071040
1132765060520263680
1134955553568026624
869843471672987648
887799887650185216
1124718255756791808
1129117789886881792
1129124449518825472
1131039301040635904
1131649965857722368
1131687984602054656
1131694237420056576
1132141803966398464
1267552901723586560
1267669894732713984
828157660275785728
862956288731123712
1004109129964707840
1006115096172548096
1064644595734097920
1064645214222057472
1125291065172471808
863182211078270976
863188962758565888
863226154457378816
863516081090854912
863521815379685376
863655762117926912
864212314138763264
991632486805348352
1144135199472107520
1268984939743813632
1269009994498449408
1269066362450354177
1269093581868511232
1269101091652382720
1281456658622468096
1281457241551015936
461318064932122624
461339882304827392
737728835243696128
793995414381641728
1098381157168705536
1132444710485843968
1132445416064380928
1134627371790860288
1136131356264140800
992934309335994368
992957045022248960
992963360557776896
992967420375584768
993090203172610048
1002381399661420544
1002743281316532224
1002745635134717952
1002750196201205760
1002751250405945344
1003163965289086976
1124367280365752320
1124467765923938304
1124467982874284032
1124858992162955264
1125574214464925696
1125683309805158400
1126020753784188928
1126681565779664896
1002378451069952000
1135329730942615552
1135332887269806080
1189481411149410304
474401137009618944
764950767886086144
765425442462298112
772184404322807808
772885288094662656
774310501613232128
776529145747378176
778703372470599680
782344995691724800
870138026771312640
740046430655365120
888196723237912576
995763303056003072
995786976139751424
995913723317563392
995913932747530240
1000901231717507072
1119886043999883264
1124927648649588736
1131653867646750720
710537188881833984
710544113296015360
714180731366113280
726492210819821568
728723677084008448
728815311125602304
729424950703804416
729526079026520064
732706493308219392
848582093079429120
946121265880956928
761147832404205568
761151618375942144
761316949862023168
761374998765174784
863578645476859904
866160401165967360
1004098027229417472
1252303683236921344
1253576168846671873
1129259071036612608
605499456015667200
975490446388527104
980312212273274880
980332458195386368
989261330488057856
1000227259938070528
1000227735366692864
1000232657994760192
1000535277141618688
1000602679187460096
1000617349420019712
983833125832753152
891118992415248384
1005543110702735360
1112060062681366528
1112096392627027968
1231153969187786752
1254574907698728960
1254704850541756416
1255284447117324288
1265117364924465152
467748013184380928
865044527143088128
985797515356270592
993228527157796864
1061734297998082048
1129173335318913024
1129176424893579264
1129211915198226432
1130624167042408448
1130650910272786432
1130985283870367744
1133941318297755648
466453244395122688
543574781968228352
591350029642407936
591643653848485888
591837932948611072
591838890688565248
592906775552905216
608267147470254080
703007454312615936
731685073883136000
733441247179595776
694341676424065024
729936270826020864
860624361210683392
861055713248690176
861055925891502080
861069194815463424
861373365368270848
464904381712560128
694343164261101568
629484180375433216
629485584997523456
629488748094111744
732244658700300288
1133422693681954816
1133441225060757504
1133489253125672960
870471450652504064
870500346206818304
870501123080036352
1002774618907820032
1003043491791929344
1003067197956296704
1261785934811111424
1261841571892965376
868263556460740608
869608435392606208
869992494560083968
870078212468858880
870345875812171776
870507454167982080
870695349411565568
870717627784478720
1135852139458404352
859603380786536448
987081802454007808
1000546895946715136
1000558479125405696
1000560427023106048
1001283562894663680
1001600753808584704
1001870222925684736
1001870769158221824
1001870884732235776
346157841146753024
470249311263780864
1127658846236966912
720313770987048960
1262924424311476224
1262931330799239168
1262958220129865729
1264802563471986688
1264804695302488064
1264805334619267073
1264809251499417600
1264996189737074688
609101751898947584
736085088160301056
755951303900979200
992191671142035456
999174688989437952
1134325698153922560
1154467339363225600
1266106813099552768
1266485456795615232
1266487563766472705
1268742030519963648
607703102547632128
861041530285199360
861379690366083072
861381184523968512
862337362993201152
863072326370074624
871091266631516160
871429435008663552
871443385003753472
639004310281216000
725036855292137472
859887572510445568
1069029891611443200
1134687182750371840
1134704483335913472
1134705786502172672
1134858548355239936
1134865851934588928
1134936321144791040
1134944872714285056
1131995363575062528
1132012479040708608
1132044611188482048
1132124669911543808
1132133305715032064
1132698818295799808
1132856203777843200
694381977054310400
743543125313802240
870499136296923136
1133579905570279424
1153884646062338048
1267575576030355456
704031654729039872
852679700378648576
860738878036914176
865323486221078528
870075498682830848
892634018431123456
892987232108343296
993001719581810688
993975317976944640
994067320299438080
994246747092246528
1136658211077124096
1263854104891891712
1263884664003637248
1263978548440338432
1265383294036344832
1265390497128521728
1265409867003203584
1265424965813948416
1265468833234161664
470670753767878656
632280521728180224
651862085571035136
730458645648785408
742425302050947072
991474204119785472
991552566976724992
991554853677633536
995167377547431936
1013262063638429696
651917905310588928
854485743354130432
865062078921211904
999100598337327104
999100714536411136
999103926882541568
999104131480662016
999201145853730816
1001988414109036544
1002313843806142464
1263963583058825217
845905362208022528
862112542544216064
862114940633366528
862217251678441472
862889576031731712
862893667491373056
864008582843203584
864330844460937216
1126274783190065152
1131405654033494016
1131465378934296576
591861185767329792
832363259075067904
983510025278722048
987149362855829504
987208495403474944
987572706239365120
992990472241045504
997206305183977472
998994052227854336
999075538058797056
999709088776859648
999849420063584256
999804540209672192
1124170235839434752
707325802294882304
870905834367016960
1259214542634754049
1267167592632569856
1267369119120900096
1267536937695072256
1267980336822755328
1268415876944637952
1268720365127876608
607842758106882048
608005431528321024
608007660578619392
608382947904520192
608903997494988800
729769244832702464
730264264169914368
863280173032796160
1132211580575383552
649505142089031680
727907546052009984
732687095440748544
733357337137561600
858442114105753600
858442806132326400
867813032791822336
870007119582347264
870015174273343488
870017553601355776
870036700884291584
516451985040990208
609181483478884352
726699671812136960
729156058030936064
830752491892256768
831012779354873856
883885360953221120
1004807191061630976
1004807556432338944
1004807935320596480
1004867983304437760
609184779014860800
831012460122181632
831017847294640128
903049753464610816
999838632959709184
1001596400003538944
1046943664037101568
723400552872009728
342376744151465984
446373625809858560
488475733753065472
737501628734820352
858123468103847936
861764387424317440
998067808795836416
999321688049307648
999515488868859904
